0339841  [
  93.39914 34.76338 -32.48176 6.737347 -11.26112 0.9935179 -6.740562 -15.85213 -9.313294 -2.889035 -23.18423 -16.35627 0.7651615 -0.2032032 -5.215732 -7.289882 -11.36856 2.310026 -0.6332564 -2.624201 -5.549682 -3.620532 0.9185291 -0.2794108 -1.047477 0.6489112 -3.878239 -3.317154 9.714111 2.702553 -6.625463 -1.077806 2.991585 -6.580818 -7.662193 5.638279 9.830888 1.667187 0.6392064 -1.127372 -0.1800146 -1.345331 -0.04339826 
  92.7431 35.4666 -33.59256 2.440108 -12.7785 1.110631 -1.091574 -15.46396 -9.313294 -5.403427 -21.91873 -5.234683 -5.403984 7.094513 -5.029412 -2.549737 -3.378693 -0.9014273 1.094898 -0.8146231 -5.986923 -2.916926 1.164064 -0.05182123 0.7788076 0.9461608 -3.109149 -1.646802 10.33002 8.784494 -4.278886 -3.296179 3.868714 -2.885132 -7.292546 3.795923 10.87413 2.195983 0.1461577 0.8496497 -0.1423924 -1.358604 -0.004971862 
  92.57909 34.52897 -32.59284 3.586039 -10.95764 -2.285648 -4.480967 -9.584432 -5.671389 -15.44642 -27.01785 -12.37577 -3.484694 6.747003 -21.06488 -6.777433 -6.899649 -3.248259 1.993539 -4.393566 -5.152189 -3.477499 1.532366 -0.3543613 0.04285455 0.3941262 -7.723686 -2.278753 8.174335 4.423397 -4.42953 -3.228956 -5.068258 -3.039465 -5.832519 4.221082 7.353197 -0.6194291 2.992321 -0.09080386 -0.1208939 -1.332058 0.001432538 
  92.57909 34.88058 -35.36983 -2.716578 -9.743736 6.380718 -7.163347 -6.106215 -5.216151 -10.29113 -4.382477 -4.860441 -0.7428522 9.179576 -19.94605 -4.215193 -3.107849 -2.507154 -0.3567517 -7.440314 -5.152189 -2.849262 0.6423025 -0.5192523 2.012025 1.540659 -6.570052 -0.5584421 8.944223 10.43978 -4.655495 -0.2711248 3.225486 -3.656797 -4.522279 8.047512 6.701173 0.326757 1.163071 -0.6258066 -0.1208939 -1.318785 0.06707764 
  93.23513 36.16983 -32.2596 -0.1382351 -10.95764 -3.456778 -10.12285 -17.92234 -9.768533 -18.88328 -18.84537 -13.17187 2.547359 -5.565715 -16.4031 -13.22519 -7.441334 -1.642532 2.200917 -2.058708 -2.271107 -1.969626 0.6729943 -0.8190541 1.823065 1.625588 -7.21096 -1.295718 4.940804 5.639457 -8.173295 -4.573424 4.687367 -11.15127 -4.009576 4.362802 5.78834 2.195983 -3.776327 -1.194247 -0.1370178 -1.305512 0.4766788 
  93.39914 34.17736 -34.59228 5.018452 -13.08197 7.903188 -10.12285 -11.32354 -6.126628 -8.572695 -14.14493 -6.803074 3.507004 1.186838 -4.470454 -14.15917 -3.514113 1.445404 -3.260051 -2.963497 -7.974387 -3.191435 0.7957617 -0.4143217 0.08374083 2.857049 -7.723686 0.178834 13.56355 5.639457 1.219601 -1.54837 1.880555 -5.577548 -1.616964 6.205157 4.625924 3.174726 0.2386045 -0.09080386 -0.1262685 -1.239147 1.03988 
  94.38319 34.41177 -33.14824 1.58066 -19.70054 -4.979248 -15.19628 -15.46396 -7.492342 -8.572695 -27.01785 -4.860441 -0.6057606 1.881859 -8.19836 -13.0384 -2.430742 0.9513345 -0.5641303 0.7687578 -6.622911 -3.692048 1.317523 -0.2944009 -0.8566437 1.413267 -6.570052 -1.717019 8.020357 0.5228162 -3.14906 -5.228186 1.003427 -1.907691 -7.292546 4.929681 3.235511 1.470065 -1.024833 -1.996751 -0.06177327 -0.7613194 1.142281 
  95.44925 36.52144 -26.51489 -1.857131 -25.17355 3.335779 -21.11528 -15.72274 -1.119008 5.393668 -9.625275 6.179696 8.946249 -13.5346 -15.0978 -9.211561 -13.12903 -3.001224 -4.219534 -2.906948 -8.292381 -3.692048 1.409599 -0.2944009 0.06329769 2.177622 -2.596423 0.07350874 8.636268 6.30157 -9.158279 -2.556722 6.788628 -1.444692 -1.958766 3.087325 3.513593 -0.8954 1.163071 -2.364565 -0.1585162 -0.4584541 0.9033466 
  96.2693 37.92789 -26.7212 5.018452 -23.34922 -4.159457 -24.92035 -17.2754 -12.02877 -0.8183594 -15.22964 -2.240747 4.055372 -7.614857 -17.14898 -2.805961 -15.35235 0.9513345 -1.11714 -1.493215 -5.986923 -1.766634 0.9185291 -0.3543613 2.137998 3.963855 0.4799347 -0.8393092 2.222729 -10.03147 -12.39466 -6.109491 10.07751 3.067518 1.875771 -0.3991449 2.758798 -2.866621 -0.7166774 -1.896438 -0.2606337 -0.4457846 0.1865446 
  97.58138 37.45907 -26.92751 5.304934 -38.49121 -1.114517 -5.234165 -24.52114 0.2467059 4.802047 -28.17519 -3.176352 5.837569 -7.95638 -13.60603 -10.79685 -16.74828 -3.495294 -2.154032 0.6556587 -5.07269 -2.510941 0.2740004 0.1387583 2.767864 7.152217 -3.237331 -2.208536 6.326603 5.473928 -10.70611 -1.615593 4.570417 -4.016907 -9.387217 2.803886 4.149211 3.908784 0.7316532 4.110052 -0.4147857 -0.490128 -0.2585733 
  97.33536 35.81821 -25.48335 7.883277 -38.49121 -1.934309 -12.02538 -4.94681 -0.2085321 12.93684 -17.94144 -13.17187 -11.80193 -10.46089 -1.116703 -8.058554 -11.36856 3.668718 -4.971638 -2.906948 -7.179401 -2.34178 1.10268 0.1919433 1.678306 7.804382 -6.057326 -3.729545 7.404447 4.366035 -2.847773 -3.228956 -2.505089 -5.911972 -7.16933 -2.00492 6.179554 4.887527 1.734712 2.027017 -0.3941111 -0.5356784 -0.1915121 
  97.58138 35.58381 -23.62656 1.867143 -33.74794 -5.308334 -8.431705 2.009623 11.62766 1.991844 -7.636627 -20.33677 -13.14259 -10.91625 -0.5577441 -16.58752 -22.93028 -0.4073577 -7.980053 -1.323567 -4.913693 -1.800466 0.4888433 -0.06954956 -0.1206906 5.195722 -6.698234 -0.3829002 11.40787 11.10189 -5.077631 2.821153 5.473076 -6.357869 -5.376783 -4.121798 -4.791896 4.642841 2.306352 2.389284 -0.4110267 -0.5754974 -0.09143126 
  98.28614 34.41177 -28.16537 1.007695 -41.41015 -5.308334 -12.44817 -6.396067 12.99337 5.245763 -24.12448 -21.13286 -7.73455 -1.922795 5.40448 -9.72401 -27.11809 2.062992 -5.347689 -0.984271 -5.311186 -2.104955 0.151233 0.2805849 -0.6726554 5.340648 -1.699152 2.039182 9.560134 3.333529 -4.504851 -1.481147 7.939735 0.1500807 -11.23545 -2.1509 -0.6890173 -0.1463361 4.135603 0.9402164 -0.375316 -0.5887704 -0.1512754 
  98.43906 34.88058 -24.03918 4.731969 -45.83121 -2.285648 10.2064 -8.425026 1.61242 11.16198 -33.38326 -11.97772 -9.790932 0.8393278 -4.284134 -5.240089 -19.14132 0.3337469 1.993539 -1.493215 -4.834195 -2.071123 0.3660759 0.2406962 0.4517174 5.702962 -3.109149 -2.767301 7.558424 7.460268 -8.314007 -1.14503 1.354278 -0.8788049 -7.292546 -1.421002 3.513593 4.520498 3.10665 1.12135 -0.3809545 -0.5887704 0.007836938 
  97.33536 33.00532 -29.81584 -7.013817 -50.42305 -3.339665 -11.3912 -21.80399 -11.35389 9.53502 -21.73795 -10.78357 4.740832 1.881859 -2.607259 -3.830857 -6.899649 3.545201 0.2653842 1.33425 -5.668929 -0.7516694 1.10268 0.2805849 1.392102 3.384153 -1.570971 -0.1722498 5.402737 5.473928 -7.329023 2.148919 2.991585 -2.525022 -10.49616 -2.540179 2.560168 -1.802162 3.335306 3.566652 -0.2982559 -0.6020434 -0.02418506 
  96.2693 31.24726 -26.51489 3.87252 -39.76825 3.101553 -19.00135 -15.59335 -18.10268 6.872722 -17.57986 -0.1824164 19.05606 13.3497 -9.317188 -3.446521 -14.48325 -7.501016 0.6110148 0.2598138 -3.880212 1.075266 1.777901 0.1875112 -0.2024632 5.847888 -2.468242 0.2841592 10.02207 11.92953 -4.052921 5.233912 4.102615 -3.142354 -5.091949 -0.5937843 4.745102 -0.698278 -3.527575 1.574183 -0.2875067 -0.6418624 0.08414435 
  95.28525 35.2322 -20.32562 9.029207 -20.61271 5.795153 -17.31021 -26.0738 -25.18891 3.766708 -20.65323 -11.97772 0.9022532 4.661941 -9.69013 -2.165401 -10.01434 4.162788 2.961306 -0.8146231 -7.616643 -2.477108 0.9799128 0.09886956 0.6357057 5.050797 -3.493694 2.739766 12.17775 8.784494 -6.484751 -1.3467 -3.872112 -3.039465 -3.439907 0.1361136 3.156059 2.563012 1.506055 0.3773236 -0.309533 -0.5887704 0.1353445 
  95.94128 30.54404 -19.08776 8.742724 -16.42022 -1.934309 -21.96085 -25.81502 -39.31075 -9.431911 -17.57986 -15.95822 -11.46676 2.92439 -15.84368 -0.2437201 -4.19122 1.445404 -4.971638 -4.627931 -8.37188 -3.262951 0.6729943 0.4002512 2.578904 5.050797 -2.083697 -1.155285 9.252178 7.460268 -2.546486 -7.872103 -6.093525 -6.023446 -3.952609 1.790549 7.744411 3.419412 -2.781319 -1.227684 -0.4824482 -0.5356784 0.1182778 
  97.17135 28.66617 -22.38871 9.888655 -15.50979 16.52712 -8.008919 -24.52114 -36.6724 -20.60172 -13.78336 -1.305142 -13.14259 -2.947366 -6.147329 8.404126 2.579849 7.621277 -4.219534 -4.627931 -11.75124 -5.265404 -0.1556854 0.4711645 2.137998 5.413111 -5.672781 -2.629837 11.09991 12.42612 -6.344039 -4.506201 -5.75177 -6.13492 -0.7054925 -1.469662 2.242359 1.828955 -1.517881 -5.178249 -0.6353657 -0.5091324 0.1524112 
  97.33536 28.12963 -25.07073 11.76325 -13.68893 16.93437 -16.46463 -27.23829 -46.34635 -17.16485 -14.68729 -18.34652 -12.13709 -4.882668 -6.706591 5.52132 -6.899649 4.162788 -4.219534 -5.565392 -7.77564 -3.906597 -1.061704 0.5858721 -0.4068946 5.630499 -3.493694 3.090058 8.020357 8.28791 -9.158279 -4.10286 -4.89738 -1.907691 -1.730898 -1.469662 7.744411 0.1296349 -0.6242309 -3.912954 -0.6613551 -0.5224054 0.03985894 
  99.28011 24.91043 -29.40322 20.60695 -16.42022 8.488753 -18.36717 -24.39175 -42.82855 -10.29113 -5.105621 2.811519 -9.105471 -8.753269 -3.352537 -2.165401 -10.01434 9.597556 2.062665 -6.268488 -5.986923 -2.646269 -1.376427 0.7621024 4.342528 2.135158 0.6716501 6.417831 -4.806837 3.161445 -0.8140862 -5.815722 -1.452534 1.3333 -7.292546 1.109311 1.328659 -2.866621 0.6083908 -8.552368 -0.525677 -0.5091324 0.05266774 
  102.1091 23.56909 -33.14824 17.06947 -18.97081 0.8764048 -23.22921 -20.38071 -34.47377 -0.5225482 -17.03751 -8.395273 -31.24153 -15.70431 -16.21662 -6.649322 -0.6702642 7.374242 0.956646 -6.268488 -7.338398 -0.5486767 -1.516628 0.7914741 4.216555 1.837909 0.7355552 4.31608 -12.49007 4.480759 2.04814 -1.279476 -3.530356 5.690183 -5.832519 6.346877 5.527531 -7.551418 2.763665 -9.501339 -0.4185448 -0.5091324 0.2206781 
  101.8032 25.44696 -32.92608 17.65905 -24.99112 -2.988326 -10.54563 -14.68763 -42.82855 11.01407 2.633307 6.928181 -21.18656 -10.57473 -14.91133 -4.727641 -1.753635 5.521481 4.551208 -4.159201 -8.554499 -0.007362604 -1.309667 1.290793 3.586689 1.922837 4.122527 2.389474 -8.78274 8.453438 -3.826956 1.20779 -13.44128 4.316406 -3.724741 -1.761621 5.918745 -6.235261 -0.8399396 -5.810896 -0.2660083 -0.4647889 0.1524112 
  102.4914 27.05657 -38.03575 16.33249 -31.74117 -9.257366 -17.09881 -24.26236 -34.03405 -6.424656 6.539935 0.5660672 -28.5602 -11.82698 -11.74131 2.190408 -7.712177 -5.470251 -1.11714 -5.096662 -7.696142 -1.86813 -1.214297 0.5858721 1.886052 3.06937 1.214844 2.039182 -8.42966 2.415745 -2.546486 4.669485 -2.446614 2.942629 -1.332129 -0.6424441 5.397126 -5.972029 0.3926821 -7.076191 -0.2875067 -0.376102 0.2036113 
  104.9381 22.22776 -52.51299 13.3846 -26.81546 3.804231 -10.33424 -47.8474 -11.52261 21.6239 8.710284 -3.176352 -21.52173 3.2719 -13.7925 -11.35723 -13.67072 2.680579 1.855287 -5.799757 -10.92628 0.9399371 -0.4799448 0.6152438 0.3495016 3.026906 0.4799347 -0.7339841 -0.7453098 -4.425866 -11.26896 1.20779 -0.7508311 -0.5701392 5.419896 0.768692 6.309959 -3.339714 0.3002355 -2.130502 -0.2713829 -0.3634324 0.2377448 
  104.9381 16.32588 -62.12243 16.77468 -26.63302 2.281761 -13.92792 -44.63919 1.157182 15.10861 -9.263702 -13.17187 -6.500721 0.8393278 -20.50546 -2.421625 -2.1599 11.9656 0.6801414 -11.89326 -13.5043 0.2632945 -1.20476 0.4224116 0.7379214 4.905871 5.210336 1.372519 2.847579 1.842131 -7.610447 -6.843913 -6.777037 2.104964 2.681254 -3.026777 1.408111 -3.602945 2.192024 -0.8933079 -0.386593 -0.3697672 0.1353445 
  104.6322 16.86242 -57.88297 18.54342 -27.72762 -4.979248 -18.15578 -35.01458 15.26956 3.914614 -25.28183 -13.96797 0.2167931 -16.40755 -38.03023 0.5249519 -3.784956 10.21514 -9.108208 -7.440314 -9.276344 1.941917 -1.65683 0.4755965 -0.0798043 4.398632 3.962764 -0.6637673 -1.057735 -0.8538594 -6.625463 -4.934417 -2.846845 1.127522 8.964022 6.063438 2.798524 -3.024319 0.3618665 -2.130502 -0.4730507 -0.3254237 0.1182778 
  105.2439 13.10668 -56.46981 24.29182 -28.45736 -9.257366 -22.38363 -23.74481 15.7248 -1.557886 -30.48989 -20.33677 13.70381 -16.64196 -30.20197 12.88862 -1.347371 7.991829 -19.63766 -6.034122 -8.863861 0.5677836 -2.030701 0.6152438 -0.03891802 2.644729 3.898859 -0.628659 -2.697967 -3.904414 -7.610447 -3.632297 6.788628 3.317296 5.097703 4.504522 -4.268125 -0.3828826 -3.403199 -5.705455 -0.5499719 -0.2810802 0.2036113 
  106.4672 7.741339 -51.66509 25.47098 -22.07218 -9.915539 -21.96085 -26.97951 18.00099 -7.283873 -24.12448 -23.52116 1.861898 -2.37816 -34.89893 26.34209 -4.19122 0.2102299 -21.14187 -9.549603 -5.668929 1.732968 -1.014019 0.1564866 0.2268429 0.6913755 1.78999 -7.578521 -9.312359 -7.684937 -5.077631 -0.2711248 9.255287 6.439517 7.353055 -0.9830632 3.513593 2.685355 -6.5126 -7.076191 -0.4956048 -0.230402 0.3230783 
  107.5377 5.326936 -47.42563 22.96526 -25.35599 -11.56097 -23.01781 -26.59135 9.351468 -8.572695 -34.5406 -11.97772 3.507004 7.094513 -39.59588 34.41418 -12.85819 -3.124742 -16.62925 -4.627931 -7.020404 2.777715 -0.9091117 -0.2194505 -0.01847488 1.370803 0.9911757 -7.715985 -12.84315 -1.427474 -5.077631 0.06499195 9.255287 3.816851 11.38047 -2.1509 6.179554 -3.260865 -2.905695 -7.392515 -0.5068819 -0.1860585 0.2548115 
  108.0416 3.180799 -41.92355 23.11266 -25.90329 -24.06624 -21.96085 -25.68563 12.99337 -9.431911 -24.70316 -6.405024 7.482674 4.661941 -40.37871 31.27503 -13.5353 -6.94717 -17.38135 -5.565392 -6.662661 0.635448 -1.338279 -0.003068328 0.6970351 0.09687662 -0.8018808 -4.554325 -11.43084 -5.729494 -5.218343 6.786086 9.584175 1.487633 9.286214 -1.177703 2.83825 -1.171371 -0.4701531 -2.230815 -0.5462592 -0.141715 0.2718782 
  107.0024 4.253867 -35.36983 20.60695 -24.07895 -23.73715 -33.58746 -21.80399 4.799087 -19.7425 -7.275055 -5.421804 14.8932 -3.744255 -50.55546 27.23899 -10.01434 3.915753 -25.65449 -5.096662 -8.212882 2.516529 -1.004482 0.2894491 1.760078 -1.346906 -5.929144 -9.50301 -14.07893 1.268516 0.466383 9.890434 5.144188 -6.023446 7.353055 0.8660116 3.513593 -4.787488 3.449634 0.1766975 -0.6984829 -0.1100411 0.2206781 
  107.8279 0.766396 -26.30858 21.34392 -25.72085 -18.47178 -53.07119 -15.72274 4.343849 -21.03132 -11.79471 -6.405024 19.05606 0.4918174 -49.77263 23.20295 -19.93899 6.01555 -24.90239 -7.67468 -6.304917 3.770226 -0.9472598 0.3692266 0.5743762 -1.601691 -6.441871 -11.4275 -14.78509 1.211154 0.08977461 8.902687 5.801964 -6.692292 7.514152 -0.3504851 5.397126 3.29707 3.906947 -6.12722 -0.5536847 -0.07203245 0.2206781 
  106.3908 1.839464 -26.51489 21.34392 -23.89652 -12.54823 -50.47684 -33.58871 4.343849 -33.48995 5.237726 -3.737715 29.76057 1.881859 -40.37871 25.89364 -21.73377 3.668718 -27.53475 -2.624201 -3.840463 3.143377 -0.4704078 -0.2044604 0.4108311 -0.7948713 -2.083697 -8.403302 -10.90122 9.777665 1.671531 3.224494 4.511942 -4.574279 7.191958 1.44993 9.700482 2.318326 1.84904 -3.702072 -0.4617736 0.003984928 0.3913452 
  105.7791 -4.615675 -24.65811 35.29895 -32.28847 -22.42081 -37.87569 -36.44044 -13.54725 -21.46093 4.369586 -5.608925 32.73405 -16.87637 -63.86351 17.37311 -19.54015 2.062992 -18.88556 0.5425606 -2.81729 4.135887 0.05915748 -0.3993316 0.1450703 -5.776412 -0.6736994 -3.042228 -9.135818 6.30157 3.554574 4.951698 -7.289671 -7.472613 3.80893 -0.1071858 6.831578 -4.261024 -0.7474928 -3.912954 -0.3659184 0.1053414 0.3572118 
  106.2379 -2.184541 -24.65811 32.74329 -30.46413 -16.49726 -19.00135 -31.09344 -25.0202 -10.29113 7.842144 -14.76407 26.7871 -6.134921 -75.6059 11.99172 -21.93319 2.310026 -12.49267 3.916234 1.442932 3.143377 -0.03291805 -0.4892721 1.003682 -4.034683 3.611286 1.688495 -3.088499 14.90904 10.22668 8.056046 -5.410013 -1.804802 7.836345 -5.570035 5.136316 -4.524256 0.3002355 -5.28369 -0.4674121 0.2003632 0.3742785 
  105.2439 -0.8432064 -27.34013 32.74329 -18.24107 -15.83909 -22.38363 -40.71806 -25.86379 -0.2267375 12.18284 -24.71531 13.10911 -6.476444 -80.30286 7.507228 -21.33493 0.7042994 -9.108208 7.412226 3.518425 3.613513 0.7650698 -0.8340442 1.18767 -3.163817 0.5757924 -3.042228 -4.181986 12.59165 9.212294 2.081695 -5.068258 -0.5186949 -7.292546 -8.983738 7.614007 -7.551418 -3.030071 -5.178249 -0.3941111 0.2320371 0.3913452 
  104.1735 7.473072 -30.48232 27.6819 -21.52488 -6.953764 0.03822436 -23.74481 -28.73203 -4.6639 -0.7667542 -18.34652 -1.565405 -3.175049 -57.60089 2.062296 -22.53144 2.433544 -6.475845 5.965609 0.5690406 2.150867 0.05915748 -0.01636457 2.452931 -3.067055 0.8314129 -5.51657 -2.776073 9.115551 8.197907 9.326007 -5.580892 -0.1071405 5.097703 -9.60441 5.918745 -1.053098 0.1769733 -5.494573 -0.3471233 0.2763805 0.4937455 
  105.932 -4.615675 -28.9906 36.25733 -26.63302 -9.257366 -16.46463 0.2705145 -26.70739 -32.20113 -1.489899 6.179696 -23.19755 -27.4249 -38.81306 5.265097 -24.1268 16.15354 -2.776168 5.2423 -0.741797 4.501549 -0.3273522 0.3293378 0.4517174 -2.19619 -0.03279161 -6.891204 -3.791455 4.977344 3.855862 6.927193 3.693288 -5.354599 1.060483 -0.301825 2.917702 -3.734561 -3.154447 -3.807513 -0.1531416 0.4114754 0.6644126 
  110.8205 -12.42023 -29.40322 46.16055 -17.02717 -22.74989 -14.77349 -8.425026 -43.26827 -22.32014 -6.913483 -1.492263 -17.83491 -10.57473 -34.1161 20.51225 -21.33493 21.17908 -0.3567517 4.39844 -1.178743 3.247852 -1.423161 0.8795893 3.20877 -0.8373356 0.8633654 -6.75374 -1.760692 0.1212859 3.328609 6.503872 -4.89738 -3.862574 3.647833 0.282093 3.275237 -3.47133 0.670022 -1.361435 -0.3038945 0.6172674 0.6814793 
  108.8967 -18.99248 -27.75275 42.00759 -35.02497 -25.38258 -19.00135 -14.81702 -49.42442 -0.670454 -9.806061 -27.50166 -16.49424 -17.81402 -28.33725 24.99674 2.579849 37.09327 1.924413 8.738292 2.098351 2.412054 -1.65683 0.178647 2.893837 -1.68662 2.17342 -8.678228 -2.229329 5.473928 0.1650963 -0.8761358 -5.068258 -0.6215835 5.097703 2.520447 7.222792 -6.498492 3.10665 1.302483 -0.5200385 0.7544621 0.6132125 
  108.1485 -17.76018 -26.92751 40.09084 -32.65333 -21.43355 -15.61906 -26.20318 -55.14085 -10.29113 -14.5065 -26.70556 0.2167931 -19.4549 -16.03015 31.27503 -1.482793 23.27305 -4.219534 5.001197 -2.598817 -0.1088591 -2.217636 0.08557332 1.823065 -0.285301 -0.4173365 -2.767301 2.847579 -0.337606 0.6923485 3.090046 -3.188601 -0.1071405 -4.465312 -7.845837 8.52684 1.15467 -0.9015706 -4.545602 -0.5870997 0.8504984 0.4937455 
  107.3083 -17.76018 -29.81584 43.92434 -35.20741 -20.44629 -26.18871 -30.02403 -50.7436 -3.184846 -11.25235 -11.97772 6.934307 -11.82698 -9.130716 22.7545 6.567095 22.85426 -3.052673 -0.02293277 -5.867676 -0.4810123 -2.077435 -0.06954956 4.279542 2.305015 -1.955515 -3.454618 5.094782 1.325877 -1.266017 2.552259 -10.87811 -0.2614734 3.32564 -9.500965 5.136316 -0.8165512 -3.776327 -8.657809 -0.6019508 0.9602541 0.3230783 
  107.6141 -16.52789 -30.92664 44.2438 -41.59258 -26.04075 -37.50507 -25.42686 -56.0203 5.393668 -11.43314 -13.17187 -2.113773 -7.614857 3.913924 20.9607 1.225636 20.76028 -3.398304 -4.159201 -5.470183 -1.698969 -2.451305 0.12103 4.153569 0.4790545 1.278749 -0.3829002 -3.400924 0.6375394 0.3157396 3.829504 -8.314939 -5.131651 -1.218195 0.282093 1.169755 -9.394039 -4.895712 -10.45031 -0.6576424 1.042571 0.3230783 
  108.0416 -14.88482 -33.9258 40.72975 -49.3634 -21.43355 -47.51186 -0.01933664 -60.41755 -1.262075 -16.13358 -0.1824164 1.450622 -9.436316 5.218161 20.9607 6.567095 27.461 0.6801414 -9.080872 -9.99819 -1.495976 -2.170902 0.2761528 1.657863 0.2667336 4.53791 2.56462 -0.2766724 1.325877 -4.42953 0.3338861 4.511942 -2.370689 -0.4206576 6.063438 -1.300084 -10.84181 -8.378242 -3.912954 -0.6687807 1.097449 0.1182778 
  108.0416 -9.544867 -35.48092 28.56627 -41.9458 -13.53548 -56.03617 2.299474 -45.02717 -2.593224 -40.32734 -1.118021 8.946249 -18.75167 -4.284134 24.5483 18.52883 16.57234 -0.08024693 -12.12762 -8.173133 -2.409444 -2.311104 -0.474282 0.9014665 -0.7524072 0.7036026 1.442736 1.98841 -0.9112208 -10.14326 -3.90119 12.87305 1.487633 -13.94621 6.772036 3.116333 -10.31535 -7.880737 -2.933006 -0.6762062 1.138607 0.02705014 
  107.4612 -6.258739 -38.81331 21.04913 -44.77155 0.8764048 -57.14804 -10.74384 -25.86379 11.01407 -43.79938 -9.191372 8.351554 5.356962 -12.86014 14.68241 21.187 27.87979 2.892179 -18.45548 -10.51379 -0.8869982 -2.030701 -0.4143217 2.326958 -3.647632 3.611286 2.56462 9.098201 -3.382963 -8.032583 -2.623945 11.72195 -0.1071405 -10.61938 9.03955 2.242359 -11.76312 -3.651951 -1.29456 -0.6205146 1.166046 -0.01137626 
  106.0849 -2.989343 -37.92467 16.1851 -44.77155 14.28728 -52.32995 -20.12194 -21.13964 4.802047 -32.22591 -25.51141 -5.952353 9.874597 -8.571304 -2.805961 26.50332 32.06774 5.104218 -18.92421 -12.67933 -0.3795161 -2.077435 -0.4143217 0.4312742 -6.260226 4.090574 3.265204 4.940804 -7.8153 -4.796206 -4.10286 5.308632 0.3558578 -6.430035 3.087325 -0.2206579 -7.288187 -4.771336 -2.264252 -0.6205146 1.166046 -0.04820156 
  103.9441 0.2298617 -36.59171 11.32107 -49.01017 21.21043 -35.65195 -37.15338 -27.38227 9.830831 -18.66458 -20.33677 -3.895971 -11.82698 -0.1851051 6.16188 30.49057 19.92269 6.995365 -11.65889 -9.585707 -1.901962 -3.619652 -0.3843415 -0.5091103 -6.453752 3.323713 9.570458 10.484 -5.468769 -7.188311 0.80445 1.763605 4.566184 -5.205882 7.055475 0.216329 -4.129409 -5.020088 -4.440161 -0.5068819 1.152327 -0.1234533 
  104.5558 6.668271 -41.70139 9.602173 -44.77155 12.65831 -16.46463 -41.43099 -34.47377 0.6606951 -22.64188 -13.96797 -18.8404 -30.47225 0.5601729 7.507228 5.68104 18.24751 8.071794 -6.971584 -8.554499 -1.191487 -4.367393 -0.2794108 -1.047477 -8.389008 1.118986 7.468707 10.33002 -3.513326 -11.6911 -4.438978 0.184773 3.067518 -5.262849 9.889868 -1.911151 -1.762737 -6.015096 -2.765817 -0.5143999 1.138607 -0.1780999 
  102.8737 6.936538 -39.70195 13.2372 -51.4827 8.020301 -16.25324 -34.30164 -19.9586 -19.31289 -6.371124 11.23196 -20.18106 -16.17314 -5.96101 21.8576 10.55434 19.0851 17.22144 2.747983 -9.585707 -2.34178 -3.900055 -0.639173 1.024125 -5.486124 1.949752 3.615496 10.17604 2.128938 -7.188311 -9.194061 -0.1076033 6.564405 -7.785409 7.338915 3.791676 -2.59065 -10.74139 -2.398003 -0.4749302 1.124888 -0.2719855 
  103.3324 8.277873 -41.03491 17.06947 -49.3634 18.1561 -5.234165 -33.94518 -12.53493 -15.01681 -10.52921 17.96832 -16.49424 -14.67301 -2.0483 19.16691 10.11131 9.103486 22.33447 8.135535 -2.81729 1.262832 -4.180458 -0.1594901 0.7788076 -2.680004 0.5757924 0.4948094 5.24876 0.5228162 -3.977599 -6.990797 6.295296 5.815072 -11.72832 11.44878 -2.8714 -2.630075 -2.28827 -0.7595572 -0.3452438 1.05629 -0.3256345 
  104.4028 10.96054 -36.48063 15.59552 -39.95068 14.89815 6.440412 -17.66356 -16.75292 -5.107616 -9.263702 6.741059 -16.49424 -28.36255 -8.571304 11.54327 7.010122 14.47836 16.95233 3.434028 -2.81729 2.046392 -3.339249 0.174215 1.678306 -0.4551578 1.214844 -1.787236 1.597878 -0.5670519 -4.580173 3.76228 10.07751 -0.5701392 -8.401489 8.047512 -2.434923 -3.734561 -3.030071 0.5110741 -0.375316 1.001413 -0.3256345 
  102.7972 9.350941 -38.59115 16.47989 -41.59258 4.389796 -15.61906 -27.88523 -28.22587 -17.59446 -24.12448 -0.9309006 -13.47775 -16.87637 -9.69013 10.19792 5.68104 17.82872 17.22144 3.434028 -1.287979 1.88968 -2.357838 -0.1594901 0.8810234 1.24341 2.365136 -0.3126836 1.207347 -6.772397 -3.751634 4.528378 14.02416 4.066628 -8.155057 10.03159 2.758798 -2.038708 -1.024833 -1.261122 -0.2928813 0.9328152 -0.4999936 
  102.4914 11.22881 -34.03688 8.742724 -43.35868 3.101553 -5.234165 -17.01662 -18.60884 -19.7425 -17.76065 14.03878 -22.19206 -18.28284 -15.47074 2.702856 0.954792 8.115347 11.03197 4.157337 0.1320947 1.994155 -0.746982 -0.2644207 -0.05936116 3.239227 2.556851 2.214329 0.5824966 -5.729494 -4.655495 3.829504 10.73528 0.4073024 -7.538978 3.512484 8.005221 0.5633035 -2.442348 -0.1576791 -0.3208101 0.8504984 -0.5670547 
  101.7268 8.814407 -38.14683 9.888655 -38.85608 6.380718 -17.94438 -37.15338 -32.71487 -8.572695 -18.84537 16.65847 -14.48325 -25.31519 -13.04661 0.9092875 6.567095 14.05957 12.91572 5.483403 -1.506452 4.031413 -0.2033706 -0.2944009 -2.478729 3.239227 8.156512 -0.9095261 7.404447 -10.81365 -9.017568 5.092805 7.117516 2.104964 -6.183602 9.464709 12.9606 -1.841586 3.10665 -0.5923688 -0.2337607 0.7270232 -0.6072915 
  103.3324 10.42401 -32.70392 11.46846 -40.68042 6.497831 -18.36717 -33.23224 -39.75047 -10.29113 -19.7493 23.4935 -15.82391 -29.53461 -23.30253 -5.240089 -6.357963 -3.618811 1.025772 3.916234 -2.598817 2.568766 -0.6897597 0.2229679 -2.717271 0.4790545 2.780519 1.12676 10.63798 2.014215 -6.062615 -9.487831 7.28196 -4.016907 1.553578 4.221082 9.830888 -5.577182 2.763665 0.3104482 -0.2606337 0.5898285 -0.6072915 
  102.5678 12.83841 -34.25904 4.445486 -36.84931 11.6402 -20.2697 -27.88523 -46.34635 -12.43917 0.8970275 28.64445 -16.49424 -15.35606 -20.50546 1.549848 -6.493384 -2.507154 -3.843481 5.483403 -2.48958 -0.9546623 0.4581514 -0.6241829 -3.671439 -2.068797 2.524899 -0.1371415 11.56184 3.276167 -3.902277 -6.40326 1.120377 -6.357869 0.7756486 3.795923 7.222792 -3.602945 -1.148095 -1.027059 -0.2552591 0.5212312 -0.7414138 
  103.103 8.009605 -37.25819 10.46162 -26.45059 3.687118 -33.79885 -37.86632 -33.15459 2.43556 -18.66458 4.86985 -25.87888 -4.882668 -11.92779 -9.339674 -11.91024 -6.024096 2.062665 -4.159201 -5.430434 -1.665137 -0.7279079 -1.028915 -3.766856 -4.131445 3.41957 1.653386 5.094782 1.842131 -4.203564 -5.228186 2.055981 -5.131651 -3.38294 6.063438 4.347841 0.6815767 0.8549151 -0.792995 -0.2337607 0.3840365 -0.8889484 
  106.3143 -0.03840518 -37.25819 23.40745 -20.06541 19.17421 -26.18871 -21.02766 -30.08179 3.027182 -28.17519 -3.550594 -17.16457 -14.67301 -30.20197 -7.289882 -8.524705 7.744795 -1.601023 -3.811737 -7.537145 -3.549016 -1.090315 -0.6241829 -2.335604 -1.346906 1.821942 3.265204 4.940804 1.555323 -8.45472 -8.165872 -0.9847322 -1.907691 1.553578 4.504522 6.309959 1.706612 1.163071 -2.431441 -0.2337607 0.1623545 -0.7682383 
  112.8512 -9.1341 -38.48007 24.14442 -20.61271 22.8394 -26.82288 -11.97048 -14.89701 10.71826 -60.58091 -0.1824164 -13.81292 -17.3452 -24.60783 -1.396729 -8.389284 12.80319 -1.11714 -6.502853 -8.451378 -2.510941 -1.843765 -0.02522874 -0.5908828 -0.285301 3.323713 -1.085068 -1.213948 1.211154 -7.188311 -3.497849 4.278041 2.81774 1.231384 1.49859 1.964276 -0.3434582 -2.411532 0.009509087 -0.3508823 -0.03402376 -0.5402303 
  114.3475 -21.04631 -35.592 30.50707 -19.33568 13.26917 -20.4811 -3.497553 -13.71597 0.3648839 -50.74346 11.04484 -5.266892 -13.30692 -24.7943 7.507228 6.567095 6.756655 0.3345103 -6.502853 -8.554499 -3.018422 -2.26437 0.4933249 -0.6522123 0.3516619 3.515428 -0.628659 6.018648 -2.861511 -2.923095 -4.170084 6.295296 2.104964 -1.958766 0.1847734 -0.1412057 2.318326 -1.918483 -5.810896 -0.3320872 -0.07836723 -0.2853978 
  113.5993 -25.15397 -29.19691 35.29895 -33.20063 9.308544 -15.19628 -9.874283 -20.46476 7.168533 -47.27142 9.734995 -0.8799438 -8.297904 -20.31899 4.624537 -0.3994217 9.721073 2.33917 -0.02293277 -7.576894 -1.86813 -1.563362 -0.0340929 -0.9997687 1.370803 3.451523 -3.867008 2.925686 -7.033123 0.6923485 -1.010583 1.997506 1.744854 5.742089 0.5253925 0.4546854 -0.698278 2.420681 -4.123837 -0.2713829 -0.07203245 -0.05620706 
  111.7824 -25.9755 -26.10228 30.50707 -44.41833 13.67642 -19.00135 -18.56928 -32.27515 2.731371 -56.5302 23.4935 -6.500721 -16.87637 -14.53838 6.61033 0.5485287 11.9656 2.477422 3.087279 -7.378148 -3.906597 -1.65683 -0.1145198 -1.953937 -2.19619 4.4101 1.758711 -1.135841 -4.295503 -1.115373 -4.035637 2.874635 -0.6215835 1.875771 1.011991 5.397126 -1.486766 -2.411532 -2.498316 -0.3076535 -0.05936289 -0.04179716 
  111.7824 -23.51091 -19.50038 25.91316 -49.3634 9.191431 -16.88742 -22.58031 -26.53867 -5.403427 -53.05816 22.0218 -11.13159 -15.4699 -8.19836 14.68241 -0.2639999 17.82872 2.961306 5.2423 -8.863861 -3.906597 -1.071241 -0.06511748 -1.476853 -4.905548 3.195902 2.039182 -0.5109911 -8.597477 -3.375025 -3.968414 -0.3999796 -0.4158063 1.875771 -0.0585258 0.05742466 0.2084837 -4.895712 -5.072808 -0.3546413 -0.04669333 -0.01617956 
  111.8893 -22.27861 -21.97609 38.17408 -49.3634 6.146492 -21.32667 -8.135175 -8.858056 -5.551332 -50.74346 27.9086 1.176437 -12.16851 -14.72485 15.57931 4.794986 15.73475 -0.3567517 3.313477 -8.014136 -4.621758 -1.423161 -0.2194505 0.1655134 -0.7948713 4.569862 4.841518 0.1138592 -8.597477 1.219601 -1.682817 1.471229 2.81774 1.003516 -2.832138 2.043729 0.9969721 -2.165008 -3.534884 -0.3189306 -0.04669333 0.02384794 
  110.393 -24.7432 -24.03918 31.46545 -52.18914 1.344857 -31.26213 -11.58232 -10.22377 -5.107616 -60.00224 21.28596 1.31353 -11.25778 -30.20197 9.749474 7.896177 15.31595 2.33917 3.675131 -8.554499 -2.81543 -0.7660561 -0.1594901 -0.6522123 -2.583241 1.214844 0.4597011 2.378942 -5.208043 -7.469735 -5.815722 0.0093472 3.192407 -0.9333601 -1.566982 5.397126 -2.984894 -3.527575 -1.762687 -0.3020149 -0.03402376 0.01744354 
  109.5379 -26.79703 -26.30858 33.70166 -54.30846 6.146492 -28.93681 -16.75784 -17.93396 7.464344 -55.95152 20.55011 -2.113773 -14.21765 -22.74312 4.752648 4.351958 20.76028 -0.4258778 -0.7015245 -6.861407 -4.550242 -1.423161 -0.2944009 -0.8362005 -3.550869 5.210336 3.090058 1.675985 -6.120583 1.219601 -7.872103 0.184773 1.539077 2.197964 2.520447 5.005911 -1.565615 -5.393216 0.3773236 -0.3001354 -0.03402376 0.01904464 
  108.7898 -24.33244 -20.94454 29.30325 -55.72133 19.9887 -34.16947 -12.48803 -10.67901 4.802047 -44.95673 24.9652 -3.758879 1.186838 -13.23308 9.749474 -0.3994217 22.43546 -0.9097612 1.277701 -5.152189 -4.907823 -1.357353 -0.2794108 0.1655134 -1.049657 5.33843 2.214329 3.628642 -10.03147 1.068957 -5.521954 5.308632 -7.361138 2.84235 -0.301825 1.606742 -0.2646093 -3.154447 -2.565191 -0.3715569 -0.02768898 0.1694779 
  109.0035 -22.68937 -23.00764 32.42382 -63.84536 17.34161 -22.59503 -18.43989 -30.08179 -4.220183 -49.58611 20.55011 -12.47226 -8.184063 -9.69013 -6.264985 -4.055799 19.5039 5.104218 -1.775961 -7.656393 -6.767243 -1.750298 -0.5192523 1.065012 -2.153726 5.594619 1.583169 1.754091 -2.80415 2.575392 -12.71929 4.687367 -5.243125 6.708669 -1.566982 4.46702 -6.235261 -2.781319 -4.545602 -0.3038945 0.003984928 0.3230783 
  108.7898 -15.29559 -23.42026 30.50707 -50.06983 13.88004 -20.69249 -11.32354 -20.29604 -7.283873 -43.79938 33.79539 -4.718524 -11.25778 -15.0978 -5.880649 -1.889057 13.64077 4.343829 1.786645 -9.688828 -3.692048 -1.309667 -0.01636457 -0.0798043 -1.644155 6.106998 2.039182 5.24876 -4.947317 -2.471164 -5.815722 -0.5754054 2.692852 -1.446063 1.644569 3.275237 1.627763 -1.055648 -3.367695 -0.1961384 0.1306806 0.4254786 
  110.0723 -2.452808 -24.86442 31.14599 -33.0182 11.6402 -36.3932 -7.845324 -28.22587 -11.15034 -52.47948 21.28596 1.587713 -13.30692 -20.13252 -3.190297 -5.816278 -0.5308752 -5.347689 -3.020046 -9.173223 -1.360648 -0.09430174 -0.03852499 -2.335604 -3.93792 3.803001 -1.04996 1.051135 -4.16514 -1.491982 -5.815722 8.761955 1.590521 -6.55325 2.033848 2.202633 3.541755 0.3926821 -0.7261195 -0.2337607 0.2447066 0.03985894 
  108.7898 4.522135 -34.81444 27.38711 -29.36953 7.668962 -37.50507 -9.874283 -19.78988 -1.557886 -47.85009 7.302423 -0.6057606 -18.75167 -18.08134 -9.980234 -6.764227 -1.889567 -4.219534 -0.9277217 -8.33213 -1.360648 -0.6516116 0.497757 -1.763103 -2.873529 4.250337 -0.3477919 -3.400924 0.1212859 3.931183 -8.312756 10.24195 6.189739 -4.12351 2.131168 -4.879191 0.1296349 -1.73359 -1.796125 -0.3358462 0.2003632 -0.04339826 
  107.6141 5.058668 -39.70195 26.50274 -30.829 -4.159457 -50.10622 -13.65253 -25.52635 9.978736 -49.00744 12.16757 -0.05739212 -4.427302 -22.55664 0.3968401 -3.243271 8.979969 -3.46743 -4.393566 -9.379465 -3.262951 -1.014019 0.3249058 0.8196939 -2.026333 6.491282 -2.278753 -3.47903 -4.947317 -4.655495 -7.872103 7.939735 6.06485 -0.7054925 2.228487 -5.228373 -4.129409 -1.548697 -3.066756 -0.4580145 0.1560197 -0.1646876 
  108.0416 5.595202 -40.03519 30.18761 -29.91683 3.101553 -48.99435 -19.21622 -16.41548 5.837384 -51.32214 9.547874 -2.52505 -8.070222 -31.76762 -5.240089 -4.326642 2.557061 -4.219534 -3.924835 -6.662661 -2.81543 -0.3178151 0.1121658 0.2881722 -2.068797 4.026669 -1.401043 -6.134644 -8.076026 -4.42953 -4.787532 3.634813 10.43596 3.164544 3.229045 -1.212789 -3.47133 1.039809 -2.531754 -0.4749302 0.1623545 -0.09943676 
  108.7898 2.375998 -39.14655 32.10437 -25.35599 2.750214 -34.16947 -2.917851 -8.402818 18.14907 -44.37805 22.0218 -10.46126 -10.68857 -38.03023 -15.46675 -10.28518 -2.754189 -1.877528 -6.502853 -4.993192 -0.7855017 -1.233371 0.5271287 -1.524561 -0.07297993 5.594619 0.7405682 -1.448267 -5.07768 -6.484751 -7.578334 9.419731 5.190628 4.775509 3.654204 1.090303 -1.131947 -1.271357 -0.9936209 -0.4956048 0.1560197 -0.1378632 
  108.4691 1.839464 -33.59256 36.57679 -22.98435 0.9935179 -40.09942 -6.685918 -24.68275 12.93684 -46.69275 15.34863 1.587713 -10.57473 -33.33327 -13.97238 -11.23313 4.53334 -0.4258778 -3.868286 -9.482586 -0.4471803 -1.423161 0.3692266 0.2268429 0.2667336 6.491282 -0.277575 -3.166605 -0.7391362 -7.329023 -10.51602 8.433067 3.317296 5.097703 5.354839 1.646468 -2.038708 -4.522583 2.298717 -0.5331951 0.118011 -0.07702136 
  108.7898 -3.794144 -27.34013 36.25733 -29.55196 3.804231 -36.76382 -13.52314 -32.27515 0.5127897 -55.37285 19.81426 -0.6057606 -13.64844 -16.03015 -9.980234 -10.82687 15.73475 -0.7715087 -4.862296 -10.20443 -2.34178 -1.750298 0.2008075 0.02241141 -0.6674788 5.082241 1.056544 -5.431687 2.071576 -4.655495 -7.43145 1.880555 2.567963 -1.844831 3.370764 2.798524 -3.866177 -4.149455 0.5779495 -0.7021956 0.1053414 -0.07862246 
  111.4618 -12.00946 -23.00764 37.53516 -31.01143 8.137414 -45.65875 -13.26436 -36.23267 5.245763 -53.05816 18.34256 -0.1944838 -18.98608 -15.84368 -3.574633 -5.003749 15.73475 -6.099792 -5.331027 -12.98869 -4.264177 -1.797031 0.03238833 0.1246271 -0.2003727 4.378147 3.265204 5.094782 3.390891 -5.499767 -13.89436 -1.803386 6.06485 4.29222 0.9146714 0.1368768 -2.906045 -4.646959 1.211917 -0.6687807 0.1116762 -0.06261146 
  113.5993 -18.58171 -19.70669 35.93787 -29.91683 11.6402 -36.02258 -21.28643 -31.93771 0.3648839 -60.00224 19.81426 -4.581431 -6.817968 -29.08314 -12.8516 -8.389284 22.01667 -3.052673 -6.034122 -9.173223 -3.086087 -1.890499 0.2761528 0.3290585 -1.68662 2.237325 4.31608 0.03575277 -2.001089 2.726035 -12.71929 0.06782246 1.178967 6.869765 -0.4964647 3.791676 -3.182016 -3.154447 0.1098223 -0.6242274 0.1116762 -0.04339826 
  112.2099 -25.56474 -16.81836 40.09084 -38.67365 10.62209 -20.2697 -10.16413 -26.36995 8.055965 -55.95152 14.03878 -0.1944838 -1.808954 -21.43782 5.265097 6.567095 15.73475 3.514315 -4.627931 -12.98869 -5.122371 -2.311104 -0.1744802 1.949038 -1.431834 4.378147 0.7405682 4.016939 -2.459981 -0.9647298 -9.634715 2.055981 2.692852 -3.212039 -0.3991449 0.6135898 -5.708797 -7.383233 -1.327998 -0.564823 0.1053414 -0.04820156 
  111.4618 -26.79703 -18.05622 29.15585 -46.53764 3.921344 -28.72542 -12.8762 -33.15459 -2.297413 -57.10887 30.11614 -15.15358 -12.28235 -13.04661 0.3968401 -5.545435 13.22198 3.168684 -0.4187779 -10.30755 -4.693274 -1.610096 0.05454874 1.535204 1.073553 5.210336 -0.9095261 4.478871 -3.774051 3.027322 -10.6629 -1.452534 2.41363 2.681254 -1.129043 -0.3398361 -1.131947 -1.517881 -6.021779 -0.5162795 0.118011 0.05586994 
  111.3549 -30.08316 -18.88145 32.10437 -46.53764 4.858249 -19.84692 -18.56928 -36.23267 9.387114 -43.79938 18.34256 -8.557102 -0.8982239 -18.64075 10.19792 -0.805686 16.57234 6.188044 1.616997 -15.05111 -3.906597 -1.118927 0.4046832 2.389944 -3.647632 7.25985 0.6352429 5.094782 -5.07768 0.5417051 -7.137681 -1.452534 3.192407 2.520157 -0.8370836 -0.4271317 -3.182016 -4.771336 -4.967367 -0.4279423 0.1370153 0.01424134 
  111.7824 -29.26163 -24.03918 15.30073 -44.41833 9.54277 -25.76592 -25.03869 -41.06965 -5.995049 -39.16999 14.03878 -20.51623 -4.996509 -8.19836 15.57931 7.010122 8.609417 -1.808402 6.206712 -8.76074 -3.405983 -1.099853 0.4091153 -0.6726554 -3.357343 5.082241 2.56462 1.832197 -5.208043 5.661944 -2.623945 2.055981 -4.239856 2.359061 -0.6424441 0.216329 1.951297 -0.4393375 -1.829563 -0.3997496 0.1623545 0.02224684 
  113.8131 -23.92167 -24.24549 18.24863 -29.55196 15.91626 -22.59503 -15.46396 -32.27515 11.30989 -33.38326 -5.608925 -19.8459 -9.094793 -6.706591 17.82156 3.908931 3.051131 -7.604 7.412226 -3.035763 -3.83508 -1.516628 0.2451283 -2.240187 -1.007192 7.900323 2.389474 -3.557136 -11.20473 0.9936352 2.619483 1.82208 -4.35133 2.197964 2.131168 -1.125494 -0.698278 2.306352 -0.2245545 -0.2713829 0.1876936 -0.02258396 
  112.6374 -19.81401 -21.56347 20.31216 -29.73439 22.02491 -22.17224 -25.94441 -37.55185 17.71472 -21.73795 12.72893 3.91828 20.99493 -11.36837 19.61535 4.351958 4.409823 -2.499663 10.90822 -1.943398 -2.104955 -1.890499 0.09886956 -2.14477 -4.228208 9.053175 3.965788 -2.073117 -9.249291 0.8429918 2.081695 0.3017235 -2.936577 3.80893 3.654204 -2.8714 0.9575477 -2.103377 -2.598629 -0.1638908 0.2003632 -0.02098286 
  112.8512 -16.11712 -20.32562 24.43921 -22.98435 18.97058 -22.80642 -15.72274 -27.71971 24.66436 -10.89078 14.78726 1.587713 14.04472 -13.60603 12.44017 5.68104 1.19837 -6.475845 6.327263 -0.08637819 -4.335693 -1.937233 0.2495604 -2.669563 -3.067055 10.33412 7.643853 -0.9015226 -5.729494 -0.5127993 -1.279476 -4.384747 -7.91851 3.003447 -3.708015 2.123181 0.8786988 1.620383 -0.9936209 -0.147767 0.2003632 0.1012111 
  111.6755 -17.34942 -26.51489 28.12409 -25.90329 2.867327 -23.22921 -25.81502 -43.26827 26.83613 -9.082916 17.96832 12.51442 16.8248 -15.0978 21.8576 5.68104 3.421683 -7.604 10.66712 -0.1956147 -4.121145 -1.983967 0.2539924 -2.717271 -4.131445 10.07793 12.54794 -1.37016 -7.945663 2.801357 -1.481147 -7.460549 -6.13492 7.353055 -4.328689 -4.180829 2.195983 -2.165008 -0.1576791 -0.1692654 0.2193675 0.04146004 
  110.4998 -18.17095 -30.14908 24.43921 -30.64656 2.750214 -21.11528 -35.01458 -41.50937 24.23001 -18.30301 11.98045 10.73033 11.26464 -5.215732 8.852575 6.124068 5.397963 -4.971638 3.795682 1.770642 -1.969626 -2.170902 -0.2044604 -3.576022 -5.389361 10.46222 12.89823 -3.010392 -3.904414 6.507266 -7.43145 -1.569485 -7.361138 7.836345 -1.469662 -2.784104 9.169529 3.67829 -3.702072 -0.2445099 0.2383718 0.2377448 
  108.7898 -14.88482 -34.14796 22.08089 -35.75471 9.308544 -32.3191 -33.58871 -45.02717 13.3712 -11.07156 18.34256 9.540944 16.12978 -6.893063 13.78552 5.238013 -3.124742 -2.499663 6.206712 -3.144999 -2.510941 -1.797031 0.2717208 -3.05123 -4.905548 12.63982 11.67221 0.8949223 -6.250946 6.67633 -14.04124 -3.872112 -8.475883 -3.098105 1.887868 -2.8714 -0.6588535 -1.487066 -1.863 -0.1692654 0.2953849 0.7668129 
  106.5437 -7.080271 -34.81444 23.84963 -40.31555 5.67804 -30.20517 -27.62646 -38.4313 24.66436 -8.178986 31.58784 2.958635 13.00219 4.472882 8.852575 5.238013 5.768515 1.440529 8.858844 -2.926526 -1.732801 -0.8614265 0.1653508 -2.097062 -4.421734 8.540796 8.869875 2.925686 -7.033123 2.198783 -3.968414 4.04414 -4.239856 0.2059789 2.520447 -0.30011 2.685355 -0.1003666 -2.364565 0.04034424 0.5761091 0.8521464 
  107.3847 6.936538 -38.14683 33.06274 -24.26138 3.921344 -30.83935 -33.94518 -34.47377 35.52318 -28.75387 13.29029 8.351554 3.2719 -18.64075 -10.42325 -6.08712 0.9513345 -2.084906 4.880645 -0.08637819 0.9737692 -0.4131855 0.3249058 -1.619978 -3.260581 4.442052 6.242685 1.98841 -6.90276 -0.7387645 -5.081301 3.810239 8.937293 -4.009576 -2.05358 1.72592 5.866271 -1.363804 -4.33472 -0.09939551 0.9053763 0.6132125 
  107.4612 5.058668 -53.64351 31.46545 -29.18709 -1.934309 -35.65195 -50.69914 -35.79295 23.79566 -29.91121 2.624398 7.756859 5.356962 -25.54018 -10.23646 -6.357963 -0.9014273 -7.227949 5.724506 1.333696 1.732968 -0.1249936 -0.02079666 -2.192479 -2.486478 2.365136 5.366956 3.862961 -1.198028 4.835044 -5.962606 3.927189 0.2529697 -3.212039 2.662166 6.831578 6.110957 -1.086464 -5.389132 -0.1692654 0.9465346 0.1694779 
  106.2379 4.522135 -55.05666 34.34058 -31.19386 -12.54823 -32.74188 -41.78746 -17.4278 19.45213 -40.90601 -4.67332 8.946249 12.65468 -14.72485 -8.314777 -6.493384 -5.101021 -13.24478 5.2423 -1.397216 0.906105 -0.1842966 0.1830791 -3.909981 -4.615259 -0.9300628 -0.3126836 -1.838798 -2.05845 5.49288 -3.363403 1.763605 -8.364408 -9.387217 -2.394199 1.090303 3.419412 1.734712 2.751551 -0.2982559 0.8642179 -0.2585733 
  106.2379 2.375998 -55.62193 36.89625 -36.84931 -16.49726 -38.61694 -36.79691 -6.581866 17.28037 -31.06856 -15.16212 8.351554 2.229369 -14.72485 2.574744 1.496479 -9.347164 -16.62925 5.121748 -3.363472 2.098629 -0.1652224 0.2672887 -2.526437 -4.421734 -5.031873 -8.540766 1.285453 0.6375394 3.479253 -6.109491 5.144188 -3.245242 -8.647921 -6.914827 2.043729 6.2333 -0.2236288 3.657218 -0.3659184 0.8230594 -0.2317488 
  104.8616 1.839464 -54.77403 36.25733 -49.3634 -16.16817 -47.88248 -30.3805 -5.216151 7.464344 -23.54581 -24.71531 4.329556 -1.581271 -31.76762 -2.934073 1.090214 -15.25484 -15.50109 3.256927 -7.060153 0.1279659 -0.7755931 0.497757 -0.4886671 -3.744394 -2.852786 -6.34135 -1.526373 1.956853 0.7676702 -3.027286 12.70861 3.567073 -4.921047 -10.32853 2.63962 2.195983 3.335306 4.834586 -0.4429784 0.80934 -0.1915121 
  104.1735 0.2298617 -54.20877 41.04921 -41.9458 -20.77538 -49.7356 -18.18111 -1.119008 -5.995049 -11.61392 -31.08411 4.329556 -7.273333 -33.33327 0.9092875 1.902742 -10.27024 -14.37293 6.809469 -9.276344 -0.9208302 -1.099853 0.4933249 -1.095186 -2.776767 -4.134602 -2.629837 -2.776073 -0.6244135 -1.41666 5.657232 13.85972 2.362185 -8.894353 -8.880292 3.553319 -3.602945 1.963368 4.834586 -0.4580145 0.7681816 -0.1915121 
  103.7912 1.839464 -52.51299 42.00759 -44.77155 -23.40806 -57.14804 -6.975769 -11.52261 -15.44642 8.276215 -25.11336 15.48789 1.186838 -31.76762 7.955677 2.579849 -6.393326 -10.23636 6.809469 -11.75124 1.210594 -1.128464 0.4490041 -2.383312 -0.2428368 -4.134602 -2.173428 -8.25312 -4.816954 -1.567304 3.35894 13.53083 1.539077 -3.724741 -6.811381 1.249207 -3.260865 3.67829 6.283654 -0.4241833 0.7681816 -0.1378632 
  104.7851 1.839464 -51.66509 47.75785 -46.53764 -22.09172 -50.84746 -3.207702 -9.313294 -19.31289 0.4629577 -29.49191 3.232819 -0.5507135 -30.20197 5.136984 -9.87892 -3.865846 -7.227949 -2.002159 -9.895069 -1.191487 -1.033093 0.3958191 -1.667686 -0.4551578 -0.9300628 -1.47126 -9.488898 -10.03147 5.154751 2.686706 15.33971 -0.8788049 -1.218195 -4.845916 -2.8714 -0.06748724 3.335306 2.842118 -0.4674121 0.7544621 -0.1378632 
  105.6262 -0.03840518 -47.70826 50.31351 -44.06511 -20.77538 -54.9243 3.169028 -14.89701 -17.16485 5.237726 -23.52116 -0.3315754 -4.654984 -20.13252 11.54327 -14.2124 -9.716394 -7.980053 -0.5884259 -10.30755 -1.326816 -0.994945 -0.003068328 -2.14477 0.3941262 -1.186426 0.1437256 -11.07776 -9.770743 -1.793269 6.080552 12.87305 3.691962 -1.161228 -6.397599 -0.9509029 2.195983 3.563962 2.027017 -0.4956048 0.7270232 -0.2183366 
  104.5558 0.766396 -50.53457 48.71622 -44.06511 -15.18091 -49.7356 2.879176 -24.51403 -27.47544 2.633307 -26.70556 1.861898 3.2719 -22.55664 12.88862 -12.04566 -8.42409 -7.227949 -2.454553 -8.292381 -1.901962 0.1819248 0.4800286 -1.85852 1.498195 -0.5455179 3.090058 -12.31353 -7.684937 -6.344039 0.7372265 14.02416 5.440406 3.164544 -3.811461 -0.9509029 0.2084837 -1.980115 -0.7595572 -0.4053882 0.6584258 -0.29881 
  104.4793 3.9856 -52.51299 50.31351 -38.12634 -18.14269 -54.18306 1.140069 -19.9586 -30.9123 5.671795 -23.52116 5.837569 4.661941 -23.86194 15.57931 -14.75409 7.49776 -6.099792 -1.88906 -9.379465 -2.950758 -0.09430174 0.9677044 -1.238311 2.220087 0.2235718 5.19181 -8.42966 -5.599132 -9.158279 -1.481147 8.926399 3.816851 3.164544 -1.566982 -5.926735 -2.23583 -1.302173 -1.027059 -0.4692916 0.6172674 -0.3256345 
  104.4028 5.326936 -49.40405 45.20218 -28.27493 -18.47178 -50.47684 3.45888 -15.7406 -18.45367 11.3147 -21.92896 0.4909763 -8.980951 -30.98479 13.78552 -17.54596 -2.136602 -7.227949 -2.398004 -6.940906 -4.192661 0.4888433 0.4135474 -1.238311 1.837909 1.342654 6.067539 -7.370421 -8.336752 -11.12825 -2.422275 5.801964 5.815072 2.520157 3.795923 1.328659 0.79985 -2.627241 -1.72925 -0.3922316 0.5486701 -0.3792834 
  103.9441 7.473072 -48.83879 44.88272 -24.80869 -11.56097 -57.51866 -3.497553 -10.67901 -3.480657 -0.4051819 -12.77382 1.861898 -3.061208 -49.77263 8.852575 -21.73377 -0.9014273 -7.604 0.5425606 -8.292381 -7.696953 0.3046922 0.3337699 -1.142894 2.05023 4.474005 9.04502 0.7387094 2.817276 -13.66106 -1.817264 0.8280008 2.81774 -3.724741 3.370764 6.179554 0.8786988 0.2386045 -0.2245545 -0.3490028 0.5075117 -0.2183366 
  101.421 10.69228 -41.70139 37.53516 -18.24107 2.98444 -46.02937 2.009623 -14.72828 -13.72799 -12.51785 -9.987473 3.507004 -6.590285 -41.16154 -6.905545 -1.889057 -4.730468 -6.475845 0.9384055 -4.436702 -5.551468 -0.1556854 -0.06511748 -1.095186 0.2667336 5.466525 9.395312 8.790246 -1.083305 -6.062615 -3.766743 0.06782246 3.442184 -5.034981 -2.248219 5.657935 0.7604256 -3.651951 -1.528624 -0.3677979 0.4800727 -0.1512754 
  97.82738 10.42401 -36.36955 27.6819 -16.72369 10.01122 -29.3596 -11.32354 -38.4313 -13.29838 -17.39908 -9.191372 10.73033 -0.5507135 -5.588371 -2.165401 -0.2639999 1.815957 -3.329178 -4.393566 -1.834162 -5.551468 -1.157075 0.4357078 -1.572269 0.0544126 4.826052 11.14677 3.706748 -3.774051 -0.2868342 1.409461 -4.555624 -3.914018 -4.066543 -4.845916 -1.474675 3.908784 0.7624686 -1.796125 -0.2498845 0.4937922 -0.07862246 
  95.03923 7.473072 -36.59171 21.63871 -27.36276 2.750214 -35.65195 -15.85213 -34.9135 -11.15034 -17.76065 7.676664 11.32503 -10.91625 -2.979898 2.446632 1.767321 -0.5308752 0.7492676 -5.096662 -4.078959 -6.62421 -1.223834 0.04125249 -3.480605 -2.292953 9.437458 10.27104 2.769473 -0.9112208 -2.471164 1.342237 -6.777037 -5.466074 -3.952609 0.768692 2.957428 4.15347 -1.795221 0.759083 -0.2552591 0.5075117 -0.01938176 
  95.77727 7.741339 -31.7042 23.11266 -29.00466 4.741136 -34.54009 -22.32154 -34.03405 7.464344 -14.32571 21.28596 18.46137 -0.2032032 -4.284134 3.983976 9.225259 3.915753 5.24247 -0.4753273 -1.943398 -4.264177 -1.014019 0.005795836 -3.098938 -3.647632 8.156512 9.220166 6.634559 -0.6244135 -6.766175 -0.2039013 -7.460549 0.6130795 -7.046114 1.741889 5.005911 0.09021044 -3.030071 -0.5589314 -0.2445099 0.5349506 -0.03699386 
  96.18729 8.009605 -35.81416 31.14599 -20.06541 6.732058 -37.50507 -20.38071 -36.6724 -3.332751 -13.78336 11.98045 13.10911 -0.5507135 -20.13252 -7.417994 6.124068 -8.05486 8.610008 -1.436666 -0.3048511 -4.049629 -1.338279 0.6739873 -0.7953143 -2.776767 8.66889 4.491226 -2.229329 -7.033123 -3.450347 6.503872 -9.681962 4.566184 -8.031841 -5.156253 1.52729 -1.25022 0.05371118 -1.72925 -0.3546413 0.5486701 -0.02578616 
  99.50948 9.887475 -42.92327 36.25733 -17.9376 -2.051422 -48.62373 -18.56928 -29.57563 -19.31289 -17.21829 -1.118021 45.22264 -2.605843 -32.55045 -4.727641 -6.764227 -6.762555 -1.601023 2.069392 1.989115 -3.119919 -0.9567969 1.05582 0.4517174 0.6913755 7.387944 1.12676 -2.619861 -2.991874 -2.395843 0.7372265 -4.384747 -2.833688 -6.306818 -1.031723 -3.482467 -0.5011559 1.84904 2.117584 -0.4636531 0.5486701 -0.1646876 
  103.1795 16.05762 -40.36843 40.72975 -31.74117 -0.9974041 -47.14124 -4.94681 -7.94758 -2.297413 -12.87943 -19.54066 42.84386 -9.322475 -28.33725 -0.7561684 -8.389284 -5.285636 -10.61242 2.352139 -0.8510334 -2.81543 -0.5657782 0.444572 0.001968265 2.941978 6.106998 2.214329 1.285453 -1.714282 1.520887 -4.640648 -1.861861 -2.525022 -6.306818 3.370764 -4.35542 4.887527 1.039809 -0.6926818 -0.4091472 0.5349506 -0.2585733 
  104.5558 8.277873 -46.86037 37.85463 -24.80869 8.488753 -49.36497 6.937096 -1.119008 7.90806 -17.21829 -26.70556 23.21893 -16.40755 -14.35191 -11.17044 -7.847598 -2.260119 -4.971638 -1.493215 -6.503664 -0.9208302 -1.233371 0.09886956 1.167227 -0.03051591 12.38363 -0.5233338 -0.04235363 7.129212 4.081826 -6.697028 -6.093525 -0.1585848 -9.756865 1.839209 -3.395171 2.440669 2.306352 -6.232661 -0.2928813 0.4937922 -0.2317488 
  108.6829 10.42401 -43.8119 37.53516 -26.99789 8.488753 -41.21129 5.777689 -15.40316 7.316439 -13.241 1.12743 5.289201 -21.09578 -23.489 -11.17044 6.567095 0.5807819 -0.2184992 -4.862296 -4.55595 2.098629 -1.20476 0.4224116 5.728233 1.965302 6.491282 -2.767301 -12.84315 2.645191 12.25545 -8.606524 -2.037287 5.939961 -9.510432 -1.810281 -1.212789 -2.59065 8.365746 -4.229278 -0.2122622 0.397756 -0.4061079 
  106.8495 13.91148 -42.59003 23.84963 -33.38307 5.795153 -48.25311 -0.8888909 -18.60884 -1.557886 -14.14493 15.72287 11.91972 -15.35606 -34.89893 -13.78558 9.668286 -0.5308752 -1.462771 -3.924835 -5.827927 2.464291 -1.703564 0.6739873 4.090582 1.285874 2.812472 -1.155285 -10.3716 2.98936 11.74826 -6.550144 -2.271188 3.317296 -9.633648 -1.712961 0.8916724 -6.89334 4.135603 -2.197377 -0.1692654 0.3565975 -0.6609404 
  104.4028 9.887475 -42.03463 25.17619 -36.30201 -2.871213 -41.21129 -7.555472 -25.0202 -2.297413 -0.4051819 33.05954 -7.871642 -18.04843 -33.33327 -13.59879 14.54159 0.9513345 1.924413 -3.868286 -7.139652 -0.007362604 -1.242908 1.085191 3.964609 1.625588 5.466525 -0.3477919 -10.19506 7.625797 8.7051 -7.578334 -8.827572 2.156408 -0.4206576 -6.087263 3.950581 -6.103645 0.05371118 -5.28369 -0.17464 0.3017197 -0.8487117 
  104.7087 8.277873 -44.59933 21.9335 -43.00546 -5.308334 -39.35818 -0.8888909 -28.56331 -0.2267375 3.935516 30.85199 0.9022532 -17.57961 -40.37871 -16.58752 8.339204 10.70921 4.274703 -6.971584 -4.516201 2.412054 -1.750298 1.790112 3.523703 -0.4551578 0.9272705 1.583169 -10.90122 10.27425 12.76264 -10.36914 -4.89738 5.690183 -10.24973 -4.53558 4.875507 -2.827197 3.563962 -6.654426 -0.3677979 -0.1353803 -0.7414138 
  104.7851 4.253867 -40.25735 24.8814 -43.35868 -3.105439 -28.72542 2.299474 -27.71971 9.682925 8.276215 41.88972 -9.790932 -20.15814 -41.16154 -13.0384 7.45315 8.362382 3.168684 -5.799757 -6.344667 2.307579 -1.423161 1.790112 2.075011 -0.6250145 2.940282 -2.524512 -13.37277 8.453438 8.874165 -2.623945 -9.169329 6.564405 -4.066543 -3.659356 5.136316 0.1690593 -1.332988 -3.401133 -0.4899663 -0.1227107 -0.4061079 
  107.0789 -0.3066721 -40.81275 21.49132 -44.41833 1.110631 -36.3932 -10.74384 -18.10268 -0.8183594 -1.670685 45.56897 -8.557102 -13.5346 -39.59588 -16.21393 12.32645 8.485899 3.099558 -2.793849 -4.357203 2.516529 -0.5848523 1.701997 2.83085 -2.068797 2.812472 -1.646802 -7.723501 1.4406 7.521651 -2.422275 4.979744 0.3044138 -6.00342 -1.469662 4.875507 2.07364 0.02289557 -2.197377 -0.6019508 -0.1037064 0.04466224 
  106.5437 -9.544867 -37.70251 20.16476 -50.77627 -13.2064 -25.34313 -22.58031 -31.93771 7.020628 3.067377 60.28595 -5.266892 -8.297904 -34.89893 -5.496313 17.19975 22.85426 10.22465 0.486011 -2.598817 3.456801 -0.6992968 1.40828 2.326958 -3.93792 2.141468 -4.829252 -5.900325 0.06392431 12.76264 -5.815722 -2.446614 -1.187471 -2.585402 -2.394199 2.719072 -1.959859 1.734712 -3.807513 -0.7764511 -0.07203245 -0.07381916 
  108.6829 -14.88482 -29.81584 23.84963 -64.19858 -7.28285 -20.05831 -17.2754 -31.43155 -4.959711 -5.105621 63.96519 -10.79643 -11.5993 -31.76762 -4.983865 1.767321 22.43546 8.071794 -6.034122 -2.271107 3.09114 -0.6802227 1.58451 4.783434 -2.970292 0.09538984 0.3894844 -7.546961 2.702553 14.79141 -5.37507 2.874635 1.127522 -7.908626 -0.3504851 2.123181 0.1296349 -1.394619 0.8496497 -0.7727383 -0.05302811 -0.01137626 
  108.3623 -19.40325 -34.81444 21.19653 -62.07927 -9.915539 -28.09124 -20.76888 -36.23267 -1.853697 -1.851471 60.28595 -4.033063 -20.86137 -34.1161 -5.880649 -2.024478 22.85426 5.649829 -5.565392 -4.675198 0.2971265 -1.147538 1.05582 4.720448 -1.814012 1.662179 -0.7690926 -5.197368 3.849782 11.57919 -8.018988 -3.872112 -1.701914 -0.9333601 -0.7884238 -0.7763128 -3.734561 -2.380717 -1.027059 -0.7541745 -0.02768898 -0.04339826 
  108.8967 -21.45708 -33.81472 17.95384 -62.7857 -7.941023 -35.28133 -26.97951 -37.55185 -15.44642 -6.371124 47.04067 -1.428312 -22.03343 -39.59588 -10.79685 3.022877 20.76028 3.79082 1.051504 -1.178743 3.926938 -1.376427 1.290793 2.767864 -3.357343 2.556851 -6.203887 -10.54814 1.555323 11.91732 -0.2711248 -2.446614 -6.469343 -0.3636904 -3.708015 -3.220581 5.254556 0.6392064 -0.09080386 -0.7504617 0.003984928 -0.01617956 
  108.8967 -22.27861 -36.70279 21.78611 -59.95995 -8.599194 -32.3191 -32.51931 -39.31075 2.287655 -5.64798 61.75764 0.3538847 -21.09578 -34.89893 1.293624 10.11131 27.461 4.965965 5.2423 -3.363472 3.613513 -0.5467041 1.378908 1.024125 -4.131445 3.54738 -4.829252 -9.841978 5.970513 8.197907 -3.296179 0.2432482 -3.553908 -1.50303 1.011991 -0.4271317 1.828955 -0.8707551 -3.233945 -0.6947701 0.0483284 0.01744354 
  109.8586 -22.27861 -33.9258 17.80644 -51.4827 6.146492 -38.24631 -20.12194 -29.57563 10.57036 -4.744049 44.83312 -7.049089 -16.17314 -41.16154 -8.571001 3.465904 20.76028 -4.219534 1.956293 -7.974387 2.829953 -0.7660561 1.320165 1.949038 -3.454106 4.154479 -6.75374 -6.134644 1.325877 7.690715 -5.228186 0.5356245 -1.496136 -2.0727 1.35261 1.487563 1.430641 -1.148095 -4.545602 -0.631653 0.06733274 0.04146004 
  108.8967 -22.68937 -31.37096 21.19653 -53.2488 9.54277 -38.24631 -35.72751 -30.75667 11.16198 -8.178986 64.70104 -15.48875 -14.78685 -24.7943 -7.930441 5.68104 27.87979 11.30108 5.121748 -5.191938 2.359816 0.2433085 1.026448 2.83085 -5.099073 2.652709 -1.927669 -2.463648 1.612684 5.323816 0.4683328 1.120377 1.744854 -4.750147 6.346877 5.918745 1.233519 -5.393216 0.3438859 -0.6502168 0.09267187 -0.03219056 
  109.0035 -18.99248 -27.34013 28.41888 -55.72133 12.04744 -21.53806 -26.0738 -33.59432 13.80555 -12.69864 62.4935 -16.15908 -21.33019 -34.89893 -1.909177 -0.2639999 14.05957 4.965965 6.08616 -7.576894 1.732968 -0.2319818 1.143935 2.704877 -4.615259 6.106998 -6.891204 -10.72468 7.791325 3.177966 -2.153381 4.394991 -3.502464 -3.212039 -0.9830632 1.92455 0.6815767 1.734712 -3.807513 -0.6093763 0.1243458 -0.02898836 
  108.6829 -22.27861 -30.37124 25.32358 -49.3634 -0.5289521 -21.96085 -22.7097 -34.47377 13.3712 1.331097 58.81425 -17.83491 -21.79902 -39.59588 -3.702745 3.022877 15.73475 3.099558 2.578336 -6.583162 0.6016159 -0.5943893 0.3647945 1.949038 -2.486478 4.250337 -4.141935 -9.312359 1.383239 6.507266 -4.787532 1.939031 -4.462804 4.131123 4.362802 -4.617306 1.50949 0.9781775 -4.33472 -0.564823 0.1433501 0.02865124 
  107.0024 -16.11712 -34.03688 24.43921 -41.59258 3.570004 -28.30263 -35.72751 -35.79295 7.612249 -9.986847 54.39916 -19.17557 -14.33149 -45.07567 -7.289882 -1.618214 16.57234 1.23315 2.408688 -2.598817 0.906105 -1.797031 1.05582 2.200984 -3.841157 7.131755 -4.691789 -7.900041 -5.07768 15.63673 -1.54837 0.8280008 0.6645241 -8.278273 -1.031723 1.130029 2.07364 3.449634 -4.33472 -0.6019508 0.1496849 -0.05460596 
  104.9381 -13.65252 -39.70195 17.36426 -51.83592 0.5250654 -33.79885 -43.21333 -30.25051 10.42245 -13.60257 50.71991 -10.46126 -15.4699 -25.54018 -0.7561684 -0.5348425 27.0422 3.998199 3.200378 -2.161871 1.315069 -1.118927 0.6446155 2.012025 -4.615259 3.100045 -2.454295 -6.840802 -2.80415 1.219601 -4.035637 -0.1076033 -3.399575 -7.785409 -1.323682 1.169755 1.430641 -3.776327 -4.756484 -0.6427913 0.1623545 -0.3926957 
  102.1855 -6.258739 -37.81359 22.81787 -46.18443 2.047535 -24.07478 -34.65811 -34.03405 16.41166 -14.14493 41.88972 -3.895971 -17.11078 -35.68175 -10.61005 -3.243271 27.87979 8.071794 -3.472441 -3.363472 1.471781 -0.1249936 1.026448 3.01981 -5.969938 1.694132 -2.419187 -10.90122 -0.9685823 6.169137 -3.161732 0.418674 1.796298 -2.471468 2.945606 0.6533158 2.930041 -1.671959 1.12135 -0.3640389 0.1496849 -0.8352995 
  99.89177 6.131737 -46.29511 17.51165 -35.20741 -1.582969 -32.3191 -36.08398 -17.25908 13.3712 -1.309113 24.22935 -7.460366 -18.04843 -33.33327 -13.0384 -5.139171 16.15354 2.546548 -6.502853 -9.276344 0.2971265 -0.1249936 1.555139 3.523703 1.200946 7.25985 -3.042228 -14.96163 5.970513 8.366972 -5.815722 -2.846845 3.442184 -5.718585 -2.248219 -3.307876 -1.841586 1.84904 1.39305 -0.1585162 -0.1923933 -0.9962463 
  100.1976 12.57014 -45.44722 13.67939 -38.67365 8.488753 -29.57099 -25.16808 -25.0202 19.45213 -7.455841 13.47742 -8.557102 -15.4699 -19.94605 -19.01587 -8.524705 3.915753 2.270043 -7.205949 -9.070103 2.359816 -0.3464262 1.40828 2.515918 -0.2003727 7.00366 -1.857453 -13.19623 5.804985 4.985687 -0.2711248 -0.1076033 6.564405 -8.155057 -6.60449 3.672498 2.685355 -0.007919788 -1.127372 -0.3546413 -0.4837933 -0.7950628 
  100.1211 17.13069 -41.25707 9.029207 -38.12634 4.741136 -18.57856 -24.52114 -17.4278 17.28037 -8.540558 11.41908 -8.008734 -11.14394 -13.41956 -19.20267 6.567095 7.49776 4.274703 -2.963497 -11.64812 1.524018 -0.52763 1.672626 3.460716 1.837909 7.00366 -2.173428 -11.43084 9.612136 10.22668 -7.872103 -10.36547 5.939961 -4.750147 -5.259698 1.408111 -6.103645 -0.3160753 -1.093934 -0.448617 -0.490128 -0.2585733 
  99.43302 18.74029 -43.14543 16.1851 -41.59258 15.71264 -10.75703 -27.1089 -25.69507 15.97731 -8.721344 -3.550594 -22.86239 -7.273333 -16.77604 -15.27995 1.767321 -0.6543922 6.45715 -4.393566 -9.276344 1.471781 -0.6706856 1.760741 4.216555 -0.2428368 7.644134 1.864037 -16.19741 4.480759 6.507266 -2.153381 -6.947915 2.207852 -4.86408 2.520447 7.744411 -7.024955 -1.425435 -2.86613 -0.4317014 -0.4837933 0.04946554 
  99.81532 17.13069 -38.25791 17.65905 -35.75471 12.45469 -9.48867 -35.72751 -18.60884 6.429006 8.276215 -2.989231 -14.81841 -26.01843 -25.54018 -15.27995 -2.024478 0.7042994 2.477422 -3.415891 -9.99819 1.576256 -0.3273522 1.496395 2.515918 0.0544126 7.25985 0.2841592 -17.25665 6.798155 7.859779 -4.438978 -3.017723 5.315517 -3.098105 -2.248219 7.092388 -1.999284 0.8549151 -2.765817 -0.3358462 -0.4837933 0.03665674 
  97.41736 14.71628 -42.14571 18.39602 -39.22094 6.614944 -8.220312 -17.92234 -20.63348 -0.2267375 21.73238 12.54181 -19.8459 -19.68931 -38.03023 -11.35723 -3.784956 -2.383637 -2.01578 -1.493215 -9.585707 1.680731 -0.4799448 1.525767 1.249 -0.922264 5.082241 -2.103211 -15.49125 4.480759 7.352587 2.619483 0.184773 2.567963 -0.9333601 -5.363144 4.308115 1.036397 -0.7474928 -3.367695 -0.3170511 -0.4837933 -0.05780816 
  99.05073 17.39895 -37.59143 11.46846 -37.39661 8.957206 -10.96842 -14.55824 -25.18891 -2.001602 10.01249 7.676664 -16.82941 -8.297904 -30.98479 -8.442889 3.465904 -4.236399 2.062665 -2.68075 -2.708053 1.367306 -0.6611486 1.467024 3.20877 -0.6250145 6.875566 -1.646802 -14.96163 1.612684 11.24106 -2.960062 1.880555 1.436188 -8.278273 -2.345539 2.083455 0.6815767 0.2694199 -3.912954 -0.3809545 -0.4774585 -0.03859496 
  96.2693 16.05762 -42.92327 7.023829 -38.30878 8.488753 -8.431705 -25.03869 -13.37852 -1.409981 21.73238 26.4369 -12.47226 -18.04843 -33.33327 -15.46675 5.238013 5.274446 0.4036365 -2.002159 -2.48958 1.210594 -0.8137413 1.613882 1.269443 -0.7099431 4.250337 -4.141935 -17.43319 5.3084 4.910365 -0.6744657 -6.606159 -3.348131 -0.8763933 -4.328689 2.758798 1.951297 1.391727 -4.545602 -0.4166653 -0.4647889 -0.01137626 
  96.02328 17.93549 -40.47951 11.91065 -33.20063 -1.114517 -5.234165 -25.03869 -23.333 0.2169785 26.94122 12.54181 -22.19206 -26.72166 -29.08314 -12.10442 5.238013 3.051131 -6.099792 0.486011 -7.616643 1.994155 -0.7183709 1.878228 0.1859565 0.818768 6.363187 -4.829252 -14.25547 2.530468 9.719486 3.022823 -6.947915 3.192407 -2.0727 -0.4478047 3.871128 1.115245 -0.2852597 -4.018396 -0.4880868 -0.4711237 -0.003370762 
  96.51531 16.59415 -39.36871 11.32107 -39.40338 0.7592916 -11.3912 -26.72074 -31.09411 -10.29113 15.22133 34.53123 -18.50524 -25.54961 -35.68175 -6.393097 7.896177 -2.630672 3.998199 1.503899 -7.378148 1.367306 -1.65683 2.054458 0.1859565 2.602264 10.46222 -0.8042009 -13.01969 0.4080935 13.4389 -0.3383484 -6.093525 3.816851 -7.16933 -4.53558 3.593046 -2.432952 -0.2852597 1.12135 -0.4298218 -0.4647889 0.02224684 
  96.3513 18.20375 -37.70251 13.2372 -43.00546 5.443813 4.934015 -22.45093 -25.86379 -12.00956 14.78726 24.22935 -9.105471 -23.67431 -27.77784 -13.22519 -2.024478 -0.2838402 4.412955 3.675131 -4.595699 1.419544 -1.516628 2.348175 1.310329 0.6064472 3.866906 -3.042228 -9.135818 2.128938 12.42451 3.963951 -6.093525 -0.1585848 -10.49616 -2.637498 6.309959 -0.7377024 1.039809 -2.565191 -0.1853892 -0.4521194 -0.2317488 
  96.59732 24.64216 -40.25735 8.742724 -42.65224 -9.586452 8.323408 -8.135175 -21.13964 -10.72073 -11.79471 -0.5566587 -25.87888 -13.5346 -28.7102 -13.41199 -1.21195 -1.519015 -0.4258778 -0.6449752 -9.99819 0.9399371 -0.5848523 1.378908 1.760078 0.7338398 3.611286 -1.330827 -6.311183 0.981708 1.370244 2.148919 -5.922647 5.690183 2.036867 4.221082 4.030033 -4.787488 -1.363804 -1.160809 -0.1853892 -0.4584541 -0.3926957 
  101.6503 28.3979 -47.99089 5.591416 -29.36953 -11.56097 8.323408 -7.265621 -13.20981 -10.72073 -22.2803 7.676664 -11.13159 -10.91625 -10.80896 -5.368201 -0.3994217 -2.630672 5.380722 2.974181 -6.781909 -1.157655 -0.4131855 0.5565004 1.330772 2.984442 -0.4173365 -1.401043 -5.431687 -4.947317 -4.052921 4.246165 -5.239136 2.465074 -4.579246 -1.323682 7.614007 -4.129409 0.1153421 -1.461748 -0.1370178 -0.6949544 -0.4865813 
  103.7912 28.3979 -47.99089 12.94241 -19.15324 6.732058 4.934015 -4.367107 5.709563 5.98529 -28.17519 -4.299078 -8.420011 -13.30692 -3.538856 -2.165401 -10.82687 -6.57794 13.45394 5.603954 -9.379465 -1.428312 -1.033093 0.2584245 1.269443 5.12326 2.908329 1.021435 -0.9015226 -1.599559 -4.936918 5.657232 -0.9262569 -1.136026 -1.730898 -4.639025 2.004003 -3.182016 2.649337 -0.05736613 -0.3226896 -0.7082274 -0.2585733 
  103.4853 27.5931 -51.09983 8.742724 -29.00466 21.61767 13.5958 5.777689 10.26194 29.44224 -1.851471 10.85772 7.756859 -6.704127 -16.03015 -12.8516 -19.93899 -10.45485 8.610008 0.5425606 -10.92628 0.8384407 -0.8614265 -0.01193249 1.616976 6.282664 1.214844 -0.3126836 -0.6672039 3.735059 -6.062615 6.221659 -2.675966 -5.689023 -2.0727 -3.416056 -1.911151 -3.734561 0.9781775 -3.501446 -0.3959906 -0.7215004 -0.03219056 
  103.6383 28.66617 -49.12142 7.023829 -26.08572 9.776997 6.063813 1.42992 13.90385 23.79566 -0.585968 12.54181 1.587713 -10.91625 -11.74131 -8.058554 -7.847598 -16.36253 3.583441 2.069392 -9.688828 -1.360648 -0.8423524 -0.03852499 0.9832391 6.137738 -2.724605 -2.313862 -0.7453098 7.791325 -4.504851 5.657232 -0.8677816 -9.144729 -2.129666 -1.080383 1.805372 -2.984894 0.1461577 -1.160809 -0.3339667 -0.7082274 -0.03539276 
  102.6443 31.48167 -49.96931 7.310312 -32.10603 9.425657 -10.75703 -21.80399 7.530515 11.45779 -7.094269 2.99864 2.547359 -0.5507135 -7.825418 -0.4999447 -16.9477 -10.63947 5.918936 4.518991 -9.173223 -1.360648 -0.6230004 0.08557332 1.596533 5.12326 -0.1609731 2.389474 2.61326 9.943193 -4.936918 1.678354 -2.095762 -5.354599 -2.699336 -6.914827 2.401263 -3.734561 2.763665 -1.863 -0.2445099 -0.7082274 0.02064574 
  101.5739 31.01285 -47.70826 1.867143 -34.1128 10.41847 3.051019 -8.425026 2.522897 15.54296 -28.17519 2.063035 -2.52505 -9.436316 -4.284134 2.062296 -18.34364 -4.359916 17.22144 6.93002 -8.554499 -3.334467 -1.147538 0.7033589 1.065012 3.818929 3.834954 2.214329 1.285453 2.530468 -5.921903 -0.5400186 -3.701235 -1.753358 -3.041138 -7.638946 5.266721 -2.59065 4.707244 0.5445118 -0.2660083 -0.7082274 0.01424134 
  102.3385 32.3021 -47.143 6.450864 -27.36276 11.02933 2.29782 -6.106215 10.26194 18.14907 -12.33707 0.1918254 1.31353 -4.768826 -3.911495 -1.396729 -10.82687 -13.77792 14.53036 3.675131 -8.554499 -4.121145 -0.756519 -0.05182123 0.5948193 4.543557 0.5757924 1.618278 0.270072 3.964505 -4.796206 3.76228 1.529704 -3.759685 -4.12351 -7.018272 2.202633 -0.6194291 3.335306 -1.29456 -0.3396052 -0.6949544 0.007836938 
  101.421 32.65371 -44.03407 11.61586 -24.44382 10.01122 8.323408 -19.475 4.343849 21.6239 -15.04886 0.7531881 -2.387958 -2.833525 -7.638947 -6.905545 -13.5353 -12.85485 8.610008 1.108053 -6.742159 -1.563641 -0.6611486 0.0900054 0.8605802 6.355127 -0.03279161 -1.190393 2.61326 5.970513 -3.450347 3.896728 -3.359478 -4.016907 -4.69318 -3.811461 2.242359 -0.2251849 1.132255 -3.568321 -0.4956048 -0.6816814 -0.03219056 
  98.97427 33.00532 -46.57774 10.46162 -29.73439 9.89411 16.98519 -19.86316 -3.395199 27.27048 -10.70999 16.09711 1.99899 -11.14394 -4.843092 -3.830857 -24.52564 -12.11639 4.68946 0.7687578 -7.934638 -2.206451 -0.52763 0.2052395 -1.095186 6.282664 0.8314129 -2.629837 6.326603 8.453438 -2.471164 6.644979 -4.726501 -5.020176 -7.785409 -5.363144 3.394415 -4.261024 2.420681 -4.018396 -0.452376 -0.6684084 0.06707764 
  99.50948 30.66124 -45.72985 9.602173 -16.72369 10.01122 7.193611 -27.75584 14.81433 40.30106 -4.924835 14.97438 -2.662142 -14.78685 -6.520121 2.574744 -25.1239 -6.208711 3.376062 -0.5884259 -9.276344 -0.2780197 -0.2224448 0.5858721 0.5130467 5.775424 1.182891 -5.51657 -2.85418 4.646287 -4.936918 3.291717 0.3017235 -1.290359 -6.060387 -1.226362 4.745102 -1.999284 1.734712 -3.912954 -0.4035087 -0.6551354 0.03025234 
  100.0447 31.83328 -43.14543 10.46162 -17.9376 -1.582969 9.453206 -30.02403 -12.70365 25.96742 -9.082916 21.28596 -2.387958 -10.46089 -0.5577441 -2.677849 -21.13551 -5.654865 4.412955 2.691434 -8.292381 -1.056159 -0.09430174 0.3958191 0.3495016 5.050797 1.853895 -0.5935507 4.786827 0.5801778 -1.341338 5.939445 -3.188601 -6.246395 -1.730898 0.1847734 -0.6017218 -4.655871 1.734712 -4.545602 -0.4580145 -0.6285894 -0.04820156 
  100.1211 30.54404 -50.8172 7.596794 -14.29588 -0.1776128 5.310614 -16.1109 -16.41548 15.97731 -4.382477 20.55011 7.071398 0.8393278 -11.1819 1.165512 -27.51693 -11.74716 7.802686 -0.02293277 -6.583162 -1.834298 0.05915748 -0.06954956 -0.01847488 7.369606 2.812472 1.161869 6.018648 1.153792 -9.158279 5.233912 -1.101683 -2.113468 1.231384 -3.708015 -0.260384 -4.919103 -1.240542 -5.072808 -0.5425464 -0.6153164 -0.01938176 
  99.05073 32.18489 -49.40405 10.46162 -10.35069 5.67804 -1.091574 -28.2417 -18.77756 14.67425 -12.69864 17.59408 12.51442 -9.322475 -9.317188 -2.293513 -19.54015 -7.501016 8.071794 -1.662863 -7.457646 -0.8869982 -0.0636099 -0.06511748 -0.2229063 5.050797 4.505957 1.372519 5.710692 2.415745 -4.203564 0.5355563 1.588179 -3.296687 2.197964 0.8173518 -2.609514 -2.393528 -4.025079 -3.807513 -0.5068819 -0.6020434 -0.04179716 
  97.33536 30.54404 -42.36787 10.17514 -19.51811 12.25106 8.323408 -39.29218 -13.20981 18.14907 4.369586 26.4369 4.055372 -11.25778 -5.96101 -9.339674 -20.53725 -6.94717 9.686437 -1.153919 -6.503664 -0.1426911 -0.6230004 -0.06511748 -0.9997687 3.31169 6.747471 -0.06692481 4.786827 4.646287 -1.115373 1.543908 0.06782246 -6.13492 -0.5345917 2.662166 1.805372 -6.89334 -4.398208 -1.595499 -0.4504965 -0.5887704 0.02544904 
  97.33536 31.01285 -44.59933 10.46162 -13.38545 9.308544 -4.104368 -50.34267 -25.69507 22.92695 -2.032257 19.07841 5.974661 -7.159492 -6.333649 -15.65354 -12.99361 -6.024096 7.533579 4.880645 -4.317454 -0.6840053 -0.2701299 0.4357078 0.247286 7.659457 1.502417 -3.317154 3.862961 4.366035 -1.793269 5.516125 0.1262977 -2.730799 -5.661618 2.662166 2.957428 -1.999284 -3.900703 -3.534884 -0.4354604 -0.5622244 -0.01457846 
  96.84333 27.32483 -47.143 9.602173 -17.02717 6.614944 1.544621 -40.00512 -27.04483 18.58343 7.408075 22.75765 8.946249 -7.501016 -1.861981 -10.23646 -15.15293 -12.67023 7.264472 0.9949551 -7.298649 -1.800466 -0.985408 0.1165979 0.4517174 6.282664 1.78999 -4.004472 2.769473 -0.5096903 0.1650963 9.326007 -0.9847322 -4.239856 -6.922898 -3.914907 0.9313984 -2.038708 1.163071 0.07638454 -0.5275565 -0.5489514 -0.03699386 
  97.17135 29.2027 -46.29511 4.731969 -16.72369 11.23295 9.829804 -36.08398 -16.41548 26.40177 10.88063 22.0218 14.2985 -7.159492 -3.538856 -17.14791 -17.9448 -9.90101 7.264472 3.03073 -8.451378 -2.172619 -0.8709635 0.285017 1.085455 3.31169 3.930811 -2.904764 1.910304 0.2933702 -3.676312 3.829504 0.3601987 -4.016907 -1.844831 -2.929458 -0.9509029 -4.655871 -3.403199 -2.097064 -0.5350746 -0.5356784 0.02544904 
  96.92534 30.66124 -43.58974 9.602173 -15.20631 20.59956 9.076608 -39.29218 -17.76524 26.40177 1.331097 17.96832 19.05606 -13.42076 -3.911495 -16.02714 -27.31751 -11.56254 10.22465 1.956293 -8.411629 -0.7516694 -0.7374449 0.2052395 0.02241141 2.007766 3.387618 -2.068103 0.4262843 3.792421 -3.525669 5.657232 3.576338 -2.422134 -3.041138 -1.712961 2.004003 -1.486766 -4.025079 1.12135 -0.6130891 -0.5224054 -0.04980266 
  95.53126 31.71608 -44.03407 13.3846 -8.833306 10.82571 4.934015 -34.65811 -30.58795 28.57354 7.408075 12.91605 17.27198 -11.5993 -6.333649 -8.571001 -19.14132 -12.48562 6.45715 0.881856 -3.254236 -1.428312 -0.985408 0.1387583 0.3495016 6.427589 4.186432 -0.8744177 1.675985 0.1212859 -0.06086874 8.902687 -1.569485 -9.367678 -1.616964 -1.615641 -2.260333 -3.602945 -2.195823 0.009509087 -0.6353657 -0.5224054 -0.004971862 
  95.69527 31.95049 -42.81219 13.53199 -11.86807 10.41847 -0.3383747 -31.4499 -20.46476 36.82623 14.35319 1.688793 5.426292 -5.224191 -8.01189 -17.33471 -18.9419 -10.45485 2.408296 0.6556587 -1.724925 -2.274116 -0.2605929 0.005795836 0.1450703 5.992813 3.131997 -2.767301 4.786827 2.931999 -1.642625 6.786086 0.5356245 -2.730799 -4.579246 -1.421002 2.679346 -5.708797 -3.403199 -2.799255 -0.598238 -0.5224054 0.006235838 
  96.18729 32.65371 -37.14711 12.05804 -11.56459 13.47279 13.9724 -37.86632 -26.87611 17.28037 0.8970275 -2.240747 10.13564 -1.125906 -8.944246 -2.677849 -15.75119 -9.90101 6.726258 0.486011 -2.380344 -4.907823 -0.9663339 -0.1145198 0.9423528 5.268185 3.898859 -3.729545 3.472429 3.505613 -3.751634 3.35894 3.342437 -2.885132 -8.524705 -3.367396 3.75195 -6.89334 -2.257454 0.6685163 -0.5722486 -0.5224054 0.02705014 
  95.69527 30.0075 -41.70139 15.15334 -4.584638 14.89815 9.076608 -36.79691 -31.09411 16.84602 19.56203 11.04484 20.84015 -4.085778 -18.45428 -19.94985 -22.73087 -11.0087 8.071794 7.894432 -3.522469 -2.713933 -1.080778 0.4401399 0.9014665 3.746467 1.853895 -3.729545 -2.776073 3.677698 2.123461 5.516125 5.63752 -1.959135 -9.756865 -4.53558 0.216329 -1.723313 -1.579513 4.291185 -0.5499719 -0.5356784 -0.07862246 
  95.85928 28.3979 -43.36758 13.3846 -15.50979 11.43658 13.2192 -30.02403 -33.59432 12.78894 19.56203 0.7531881 17.86667 1.186838 1.67809 -10.79685 -19.54015 -9.16255 7.533579 5.483403 -7.099903 -1.698969 -0.985408 0.2539924 1.949038 4.61602 2.429041 1.583169 1.285453 3.448252 -4.504851 5.233912 -0.04912806 -3.914018 -8.278273 -4.53558 -1.212789 -1.999284 -1.856852 1.845884 -0.5685358 -0.5356784 0.06707764 
  94.95723 28.3979 -43.8119 20.45955 -7.922877 10.21484 6.440412 -26.33257 -28.56331 21.6239 10.88063 11.04484 11.32503 -10.23321 -5.77469 -13.78558 -26.12099 -13.59331 6.188044 4.880645 -4.237956 -1.597473 -0.6134634 0.2584245 0.4721606 3.963855 1.087033 0.3894844 -0.04235363 -0.05079842 3.403931 6.644979 5.308632 -3.759685 -5.490717 -2.637498 -2.173037 -3.30029 -0.6242309 3.476085 -0.6019508 -0.5224054 -0.01137626 
  95.53126 30.89565 -41.70139 16.92207 -1.246398 17.34161 -2.97457 -27.62646 -25.0202 28.13918 -4.563263 7.863785 13.70381 -6.248762 -7.452477 -8.571001 -19.73957 -16.91638 6.726258 2.125941 -5.470183 -0.5825088 -0.4894819 0.4490041 2.326958 3.891392 0.4799347 -0.4531169 -3.400924 1.383239 5.154751 3.560611 1.880555 -0.4158063 -8.401489 -3.914907 -0.6017218 -1.959859 -5.26884 0.759083 -0.6168019 -0.5224054 0.02224684 
  94.62921 31.13006 -43.8119 11.03459 -3.977685 17.13799 13.2192 -19.73377 -28.73203 19.01778 10.44656 2.063035 15.48789 -0.2032032 -10.06307 -8.058554 -19.34074 -16.91638 6.188044 -1.323567 -4.714947 -2.578605 -0.9186487 -0.04295707 -0.0798043 3.529078 1.662179 0.4245927 0.4262843 1.268516 0.01445293 8.902687 -1.043207 -1.701914 -5.661618 -3.562036 1.884824 -5.445566 -5.766344 3.928918 -0.6205146 -0.5224054 -0.01938176 
  94.79321 32.65371 -40.47951 8.742724 -5.798542 17.54523 5.687213 -33.94518 -29.40691 3.618803 13.91912 -10.78357 18.46137 2.576879 -11.55484 -12.47801 -13.80614 -10.27024 6.188044 5.001197 -0.9602699 -2.003458 -1.563362 0.12103 0.3699448 6.500052 2.620756 -0.1020331 1.129241 -1.083305 -1.642625 4.105058 3.342437 1.436188 -4.294411 -2.1509 -0.9509029 -4.524256 -3.030071 4.472319 -0.679919 -0.5091324 -0.04179716 
  94.5472 30.54404 -37.81359 9.029207 -8.226354 19.78507 13.2192 -31.4499 -34.03405 14.67425 11.74877 2.250156 20.24545 2.229369 -8.944246 -13.59879 -17.54596 -14.14715 4.274703 4.518991 -2.271107 -3.692048 -0.8137413 0.1431904 0.5334899 5.195722 1.023128 -2.904764 0.660603 4.13659 2.726035 5.657232 4.336516 -2.833688 -10.86581 -5.052807 -1.736561 -1.092522 -1.918483 5.287419 -0.6613551 -0.5091324 -0.008174062 
  94.95723 31.95049 -35.592 11.61586 -10.65416 15.71264 6.440412 -31.4499 -33.59432 9.387114 12.61691 -0.3695374 13.70381 -6.248762 -1.303022 -4.855753 -18.14422 -16.73176 8.071794 2.917631 -3.880212 -0.7178373 -1.20476 0.2761528 1.003682 5.992813 -0.1609731 1.864037 -4.260093 1.899492 4.533757 2.619483 3.576338 -1.599025 -3.724741 -6.707936 1.805372 -5.840414 -1.610328 1.66475 -0.6502168 -0.5091324 0.06707764 
  94.79321 28.93443 -42.03463 13.97418 -10.35069 14.08366 7.570209 -23.35664 -23.333 14.2399 22.60052 3.372882 5.974661 5.356962 -1.861981 -8.186666 -20.33783 -12.67023 0.7492676 0.5991096 -3.99946 -1.834298 -0.8614265 0.2983133 0.7788076 5.485573 -1.570971 -2.767301 1.441666 -2.746788 4.23247 6.221659 4.102615 -5.577548 -1.787865 -4.742471 -2.784104 -2.078133 -2.257454 0.6685163 -0.5388336 -0.490128 -0.06421256 
  94.21918 30.0075 -41.59031 19.42779 -10.95764 14.08366 6.817011 -27.88523 -37.55185 4.062519 19.12796 2.99864 6.248846 -1.695112 1.864409 -14.53277 -19.14132 -14.701 11.30108 3.434028 -3.800714 -1.022326 -1.516628 0.04125249 1.719192 5.558036 -0.6736994 -1.646802 0.3481779 -0.3949676 4.684401 9.043794 5.144188 -9.367678 -5.205882 -4.949362 -2.522218 -0.7771268 0.9165463 2.479851 -0.4204243 -0.4774585 -0.01137626 
  96.84333 30.27577 -46.86037 13.3846 -8.226354 13.06555 1.168022 -27.62646 -23.333 15.97731 0.4629577 11.98045 16.67728 -4.199619 -7.079533 -22.19141 -19.34074 -10.08562 7.264472 1.164603 -1.287979 -2.781598 -1.261982 0.5858721 0.7174783 4.108781 -0.03279161 -2.243645 -4.260093 2.473107 5.831008 5.516125 9.748619 -5.466074 -7.662193 -5.570035 -2.347628 -1.131947 -1.055648 -0.7595572 -0.3490028 -0.4521194 0.06227434 
  100.3505 34.41177 -50.53457 16.47989 -12.7785 6.732058 -10.33424 -18.3105 -18.77756 2.43556 3.067377 12.91605 29.76057 3.619411 -0.5577441 -14.34597 -21.93319 -8.239475 4.274703 -2.171807 -4.476451 -4.478726 0.1819248 -0.2794108 -0.01847488 2.899514 2.301231 0.6703515 -4.650624 2.186299 8.197907 4.951698 9.584175 -7.361138 -5.832519 -2.588839 -3.395171 4.520498 5.850526 -0.3248675 -0.3621594 -0.4394498 0.05426884 
  100.427 34.17736 -45.16459 20.16476 -7.619401 0.5250654 -19.63553 -23.09787 -21.47708 -0.5225482 -4.924835 2.624398 -0.1944838 -30.47225 -10.80896 -16.21393 -13.94156 -1.395497 1.509655 -2.567652 -5.231688 -4.121145 0.5809188 -0.6991334 -1.333728 1.158482 4.186432 0.3192675 -7.900041 5.473928 8.366972 2.081695 11.22861 -2.679355 -1.161228 -7.018272 -3.918943 1.115245 0.5159442 2.027017 -0.3508823 -0.4141107 -0.004971862 
  99.28011 32.88811 -50.25194 19.57518 -7.922877 -4.627909 -14.13931 -20.89827 -17.76524 -1.853697 -18.12222 -0.9309006 14.8932 -29.30019 -0.3714246 -8.314777 -14.2124 1.815957 2.408296 -1.549764 -7.417897 -3.620532 0.5195351 -0.6691532 -1.715395 -1.092121 3.451523 -1.401043 -12.13699 4.079228 6.338201 7.91494 5.801964 -7.13819 -2.471468 -5.983817 4.745102 3.664098 -1.949299 0.9402164 -0.5143999 -0.4014411 0.007836938 
  99.43302 33.23973 -48.83879 17.65905 -9.440259 -1.817196 -3.727768 -4.367107 -9.768533 7.168533 1.765167 3.372882 13.70381 -19.22049 -4.656773 -10.79685 -13.39988 -3.495294 5.380722 0.881856 -5.668929 -3.906597 0.3967678 -0.5942028 -1.85852 -1.346906 3.195902 -0.1020331 -10.54814 7.129212 5.831008 10.17265 6.624184 -1.084582 -1.389096 -2.00492 1.408111 4.031127 -1.17891 2.660984 -0.518159 -0.376102 0.03345454 
  99.50948 33.23973 -43.47866 19.57518 -9.136783 4.038457 -8.85449 -17.92234 -7.94758 4.949952 -1.670685 0.7531881 4.329556 -13.76228 -7.079533 -7.161769 -23.92738 -5.101021 6.726258 3.03073 -5.986923 -3.763564 0.4274596 -0.5942028 -1.095186 -2.583241 3.707143 -0.628659 -6.840802 6.798155 8.874165 5.092805 5.144188 -5.466074 -2.585402 -4.53558 1.328659 4.15347 -2.905695 1.211917 -0.4956048 -0.3697672 -0.02258396 
  98.82135 31.24726 -50.25194 13.2372 -7.619401 -7.611937 -9.277277 -18.56928 -21.6458 -2.593224 -15.95279 -3.363473 3.232819 -17.57961 -3.166217 -14.15917 -23.52854 -2.507154 1.647908 -1.606313 -5.788177 -6.338146 1.10268 -0.4143217 -0.9520605 -1.941405 5.210336 -2.767301 -4.025774 4.480759 6.338201 11.86593 4.862793 -8.364408 -0.1927896 -4.225243 -1.038198 9.414215 -4.398208 2.842118 -0.6056635 -0.3634324 0.004634738 
  99.05073 33.82575 -45.72985 15.00594 -3.674208 -10.24462 -7.797527 -12.35865 -14.89701 4.949952 -10.16763 11.23196 3.507004 -20.86137 1.119131 -5.752537 -18.74248 3.668718 4.965965 1.616997 -5.430434 -6.552694 1.010605 -0.3243811 -0.9043522 -1.941405 4.697957 -3.179691 -5.509793 2.702553 6.845394 11.58372 5.801964 -0.724472 1.231384 -3.026777 1.447837 6.722671 -3.776327 2.570417 -0.6910573 -0.3570976 -0.03859496 
  98.36259 34.17736 -43.92299 18.10123 0.8779372 -2.636987 -11.3912 -19.99255 -16.5842 -3.776467 -13.60257 0.1918254 -3.21051 -22.97108 -4.284134 -6.264985 -19.34074 -4.236399 6.995365 -0.984271 -5.668929 -5.909049 1.041296 -0.3243811 -1.095186 -1.559227 6.363187 -0.8744177 -6.056537 2.759914 10.05761 12.28925 4.219565 -4.462804 -3.724741 -4.639025 -0.3398361 5.254556 -3.030071 3.294951 -0.6947701 -0.3507628 -0.01938176 
  97.9803 35.4666 -47.143 19.28039 0.2709842 -5.966507 -5.987364 -23.48603 -5.671389 -5.699238 -9.444489 8.79939 2.410267 -18.28284 -4.843092 -8.058554 -19.14132 -9.16255 7.802686 -4.159201 -6.781909 -4.049629 0.5809188 -0.3243811 -1.476853 0.2667336 4.378147 -4.141935 -2.541754 2.931999 8.536036 9.326007 0.1262977 -4.016907 -2.300567 -5.363144 3.513593 6.722671 -4.398208 3.113818 -0.7541745 -0.3380933 -0.03859496 
  97.9803 33.82575 -48.55616 17.65905 -7.012448 -8.599194 0.7914229 -22.45093 -2.029485 -2.001602 -11.25235 7.863785 5.289201 -13.76228 -4.284134 -13.59879 -14.48325 -10.82408 12.64662 -2.906948 -7.616643 -3.334467 0.2433085 -0.8940046 -0.2842357 -1.856476 4.442052 -3.042228 -1.916904 3.218806 8.028844 12.85368 2.582258 2.05352 0.1490121 -6.811381 5.005911 5.376899 0.1461577 1.211917 -0.4110267 -0.3444281 -0.03058946 ]
