0339842  [
  127.6199 15.42835 -26.98829 -9.60524 -14.47574 -13.23832 -1.104204 -6.828714 -0.5502984 -12.12149 10.03315 5.110805 -9.878319 -7.370975 -28.67376 -11.48095 -1.832914 19.00303 -3.128628 -1.791316 -4.430251 -1.178276 -0.7129306 -0.1893259 2.277113 -1.325466 -1.824382 0.5184932 2.14994 6.355283 -6.453096 6.640469 0.0005598068 -1.415831 2.663444 3.868705 -0.4595132 5.666038 -2.691347 2.871507 -0.06748744 -0.3235389 0.05002511 
  128.1626 18.03578 -29.03363 -12.09249 -13.36036 -20.09977 -7.832809 -10.14802 -8.137054 -11.39139 4.553091 5.980632 -5.651837 -12.22989 -31.99823 -14.25894 -10.75369 15.37642 0.742378 -0.6296558 -3.539415 0.1733475 -0.05183301 -0.4965425 1.552474 -1.25618 -3.836314 -0.7939394 -0.2872341 -0.7591829 -9.4741 5.59761 -3.826682 -5.481429 -2.530411 4.609108 -1.962097 6.72754 -0.810174 2.205745 -0.1063493 -0.3137746 0.1224204 
  127.5424 15.90507 -27.36017 -5.156293 -6.057179 -15.65174 -4.149437 -18.4507 -8.137054 -8.015845 4.553091 11.1996 -9.153779 -12.74438 -34.49159 -9.344036 -4.411338 15.89451 -0.7476845 3.898344 -8.257602 -1.706032 0.189709 -0.1832265 2.012146 0.5591826 -0.2858458 -1.181704 5.444443 4.118057 -5.697845 5.15067 -1.739095 -0.4293392 -2.574497 6.03296 -1.387579 3.543032 -0.8728797 3.981112 -0.08868481 -0.264953 0.2313427 
  126.8447 15.26945 -28.28987 -9.413913 -11.50139 -11.51444 -11.66965 -11.80767 3.189419 -8.167554 -2.022982 -6.216991 -7.7047 3.018801 -34.49159 -14.79317 -11.20643 6.518101 -4.963732 4.187101 -7.189572 1.308444 0.2555841 -0.5631003 1.811269 0.7469788 -2.416127 0.4886651 -1.556595 -4.269526 -5.886659 6.491489 -4.986202 -1.556758 -3.015363 7.768064 2.057475 -0.05147409 -0.8728797 0.9633474 -0.1275466 -0.2258958 0.1768816 
  127.2323 14.31602 -27.17423 -4.524019 -13.54625 -8.986098 0.2043298 -18.33396 -6.657425 -2.250935 11.51936 1.979425 -10.81072 0.9650307 -30.336 -15.00686 -4.779684 3.383483 -8.226139 4.860866 -6.091875 -1.310215 -0.1177081 -0.446624 1.404591 0.3400872 -0.5225434 -1.658952 3.810826 5.640821 -4.306765 4.25679 -8.460268 -2.026516 -2.530411 12.0806 5.4957 1.537971 -1.782113 1.835876 -0.08868481 -0.1575456 0.1224204 
  126.1469 16.06397 -26.24454 -6.041476 -5.219609 -14.96219 -8.139757 -13.46732 -11.83613 -8.167554 -3.338197 -11.72696 -15.78352 4.993968 -11.65361 -18.49029 -16.52617 9.579821 -2.720827 6.409362 -8.376272 -0.7604694 0.4751678 -0.5963793 2.489088 1.122571 -5.138153 -1.420328 3.810826 -0.08996522 -3.365858 3.990452 -5.647929 6.517795 -5.748731 5.805144 2.057475 -0.4254613 -3.237079 -0.5151045 -0.07102033 -0.1477813 0.004440427 
  124.5964 18.13127 -22.71168 -7.117986 -4.800823 -11.05474 -6.144597 -19.85163 -3.043444 0.4798126 -0.9269695 -4.839499 -12.98632 7.759201 -19.60565 -21.71343 -10.41413 8.048961 -5.371532 4.090848 -6.981899 -1.552103 0.5410429 -0.5797398 2.065139 -1.671899 -2.771173 4.081988 3.714731 -0.876194 -1.902227 4.55475 -5.317065 4.154988 -2.92719 4.950833 2.454193 3.778922 -2.816758 1.229954 -0.1063493 -0.1868385 -0.1808678 
  126.457 19.27724 -25.87266 -15.15373 -10.24503 -18.49554 -7.986283 -18.68419 -9.320759 -3.919724 2.580269 12.76529 -3.719731 7.364168 -12.21165 -17.74649 -16.63935 13.30408 -0.807287 3.850218 -8.109264 -2.145828 0.3214592 -0.5131819 1.60793 2.374545 -0.04914761 -0.7939394 4.963967 6.355283 -10.60698 -1.136571 1.392284 -0.8521214 -5.131518 7.768064 0.07081032 3.543032 -0.7474682 3.093428 -0.1275466 -0.1673099 -0.06203723 
  128.0076 21.37818 -23.64138 -12.47515 -9.826247 -15.30696 -6.758492 -19.03442 2.773896 -15.77201 -14.07912 12.93925 3.646423 -8.318249 -20.86123 -18.24236 -17.99759 12.52695 -2.720827 -4.550259 -11.68812 -1.552103 0.2995009 -1.062284 0.4063814 4.255971 -2.771173 -2.482366 4.387397 1.887805 -12.4951 3.258019 0.9946485 4.279346 1.656294 8.846198 -8.448607 -3.117125 1.638906 1.714692 -0.2641189 -0.1868385 -0.1808678 
  128.6278 21.66467 -23.45544 -6.42084 -15.03343 -23.70931 -1.540382 -24.52138 1.942847 -14.67686 -11.66789 13.98305 14.5382 0.491394 -20.72172 -23.94483 -14.14926 7.392878 -0.330467 1.925174 -9.71139 -0.8924084 -0.05183301 -0.5963793 3.336984 9.074638 -0.7592411 -0.7342834 2.505361 1.803645 -14.38323 -4.266052 0.2987862 2.013402 -4.33796 12.61967 -8.79825 -1.42276 3.372204 4.498928 -0.2841291 -0.1966028 -0.1380117 
  129.0929 20.7097 -23.82732 -7.117986 -17.26419 -26.11567 -0.6680263 -11.80767 3.189419 -6.80218 -10.57188 -8.512812 -18.26991 -10.2128 -21.55878 -19.48203 -6.621416 7.903164 -3.536428 0.5776432 -8.494942 -2.013889 -0.1396665 -0.479903 3.019023 6.16336 -2.534476 -4.213192 3.522541 3.402693 -9.285288 -0.6704781 -3.429046 -0.006556988 -5.440125 7.228996 -2.845969 5.312203 6.49214 2.575613 -0.3194413 -0.264953 -0.2524552 
  128.6278 20.04122 -23.2695 -11.32718 -15.21932 -13.92786 0.6405079 0.1418208 8.175709 -9.931179 2.361067 -3.462006 -8.670753 -3.581882 -13.60674 -5.497588 -8.603153 4.841444 -8.022239 -1.355693 -8.28727 -1.706032 -0.7644275 -0.03074145 3.389978 5.059083 -5.493199 -1.479984 7.654631 5.043822 -4.777217 2.925096 -3.677568 0.416225 -9.837227 -0.6852417 -4.348552 2.127695 -0.2144694 3.167402 -0.3453369 -0.2844816 -0.2285928 
  127.3874 19.75473 -20.29447 -7.50064 -15.21932 -23.30825 -5.530702 -9.152226 4.020468 -1.947518 -0.2693615 -11.2678 -16.09431 -4.3397 -9.157716 -15.3274 -29.30788 -1.434237 -13.52755 -5.131089 -2.381329 2.295484 0.05795882 -0.3235128 0.739118 4.958693 -0.9959393 -0.8834234 6.50149 2.939811 -3.261313 0.86097 1.964259 5.025496 -6.14551 3.640889 -8.868179 0.9146595 1.638906 3.093428 -0.3394516 -0.3137746 -0.08862829 
  127.93 20.7097 -24.1992 -11.70984 -18.75136 -16.11143 17.65145 -7.824505 -3.874492 -9.931179 -17.57491 -9.431139 -8.308483 6.5741 -7.167113 -9.878265 -16.2998 7.101285 -12.91585 -0.7748632 -1.935911 -0.4965916 -0.991014 0.04245138 0.3139545 4.055193 1.7324 1.651958 8.327297 2.85565 -9.4741 5.746589 -0.5958934 0.5571523 -2.221805 -1.808648 -6.630463 -0.7994485 5.625492 1.835876 -0.2888374 -0.3333032 0.01963532 
  128.6278 18.22677 -22.33981 -10.17922 -28.0462 -13.81294 18.08763 -8.820295 -10.3565 -6.80218 -16.92875 -2.543678 -13.60792 0.491394 -4.512976 -10.83988 -11.09324 12.00886 -3.740329 0.3370126 -5.468857 -0.2547035 -0.3421528 0.127843 1.275194 2.687539 -0.5225434 1.562474 7.558536 0.8357997 -9.285288 4.25679 0.6964216 -0.6172423 -6.057337 2.046175 -5.301818 2.481529 6.49214 1.229954 -0.2605877 -0.3333032 -0.03734553 
  129.2481 16.06397 -28.47581 -17.64098 -20.98212 -24.3109 -3.842489 -21.71953 -18.64243 -11.75644 -11.88709 -3.462006 7.936337 6.969134 -9.489483 -15.00686 -13.80971 3.237687 -3.944229 4.379605 -5.172182 -0.6285305 0.5849596 -0.3174134 0.6282058 3.553249 4.179099 -1.062392 0.8805785 4.62302 -4.568127 5.00169 0.2490816 0.7450557 -7.943215 2.444853 -6.700391 -1.360429 5.452161 1.229954 -0.1558098 -0.3430675 0.0253334 
  128.3952 17.55829 -24.01326 -8.074622 -12.80267 -18.49554 3.257576 -19.03442 -15.23928 -4.526557 -0.05015945 5.28477 2.921884 17.63503 -20.3032 -23.20103 -16.07342 6.372304 0.980788 3.898344 -5.023845 -0.9143982 -0.2494583 -0.5631003 0.4618375 2.218048 1.041568 0.01141691 5.252253 10.21338 -5.299943 4.25679 5.347153 -1.274904 -7.564413 6.488593 -7.189892 -3.212254 1.118917 3.463297 -0.248817 -0.3333032 0.05762255 
  127.2323 20.5187 -19.73665 -4.524019 -4.800823 -22.70666 -9.367547 -32.40272 -14.49946 -4.981682 -14.29832 2.849253 -8.912266 -0.2664251 -23.09338 -8.168733 -8.376781 13.04503 7.162466 0.8663998 -9.559334 -3.111454 -0.4451466 0.0912466 2.22412 2.850526 4.035175 1.055397 5.828824 5.355035 -7.397161 -1.40291 -0.04914474 -2.471128 -8.322018 8.127441 -4.260165 0.8834939 1.985566 3.167402 -0.3053164 -0.2454244 0.1224204 
  126.6896 20.5187 -17.87725 -4.27111 -5.219609 -15.19204 -9.214073 -30.18384 -25.04657 -18.69243 -15.17513 6.850459 -14.54032 -3.013517 -24.90701 1.353554 -6.621416 5.716222 -4.555931 -2.952976 -8.257602 -2.211798 0.07991718 0.3047257 3.336984 2.950915 0.897644 0.339525 5.252253 5.497928 -7.963598 -6.736614 -1.540278 -6.291895 -1.163727 8.666509 -3.155324 1.319812 0.6634111 -0.7817106 -0.5756701 -0.2063671 0.08231425 
  126.9222 17.74928 -21.78199 0.9135332 -1.031755 -3.584633 -7.986283 -34.99142 -26.25809 -23.07305 -6.626233 2.849253 -5.16881 3.808867 -14.86233 -2.479271 -6.989762 8.705044 -4.759831 -1.500901 -8.405939 -1.552103 -1.56778 0.5226162 3.230997 3.954804 -0.6408925 0.6676331 8.711678 7.212638 -11.36223 -3.600205 -5.647929 -1.227928 -4.955173 3.470026 -0.06177044 -1.235767 -0.841527 -1.732996 -0.5493463 -0.2063671 0.08611298 
  128.6278 20.7097 -25.1289 -6.547295 -4.800823 -13.92786 -14.58566 -19.85163 -22.78539 -16.13706 -5.530221 -3.462006 -18.26991 -6.992065 -14.4438 -8.596116 -9.508641 14.85834 -3.128628 0.9145259 -6.121542 -3.517435 -2.27905 0.5226162 2.118133 0.7782781 -0.2858458 5.582115 6.597585 -0.1741257 -7.963598 -3.66679 -3.279933 4.403704 -8.322018 5.235603 -2.448226 -2.233066 2.505555 1.084532 -0.5361844 -0.2161314 0.05382383 
  129.662 15.11054 -26.43048 3.821992 -6.475965 -11.51444 -3.535542 -25.33859 -26.86386 -20.15264 -11.88709 -2.021782 -10.49992 3.413834 -12.63017 -13.61787 -14.60201 11.23173 2.113235 -0.6296558 -7.515914 -2.629604 -1.56778 0.3718191 1.811269 1.122571 3.718544 7.382267 -0.1856852 3.108132 -4.568127 -4.266052 -6.805951 0.1813459 -9.269024 5.520374 -3.155324 -2.170735 11.86536 -2.759401 -0.4374702 -0.1868385 0.05572319 
  129.9725 15.90507 -24.01326 3.189718 -15.03343 -19.29766 -1.540382 -24.87162 -23.83504 -8.015845 -2.022982 -2.543678 -16.40512 -1.782063 -13.32772 -19.23409 -16.97891 8.705044 10.6607 0.6257693 -10.0155 -0.8264389 -2.000727 0.5641957 1.755813 1.998953 2.394448 11.13258 -5.234669 1.635324 -1.849954 -6.118974 -8.6257 2.436184 -4.2057 7.947752 0.6895208 -6.446624 2.505555 0.4786091 -0.3650798 -0.1673099 0.1224204 
  131.1107 17.46279 -29.77036 -2.500744 -15.40522 -15.53681 2.821398 -28.49067 -24.44081 -5.436807 4.991497 -1.151954 -17.95911 -6.328974 -18.62908 -8.809808 -10.07457 12.2679 3.782105 -3.533806 -8.799053 -1.090317 -1.516283 0.8829716 2.436094 -0.004205704 1.559692 4.382014 -0.8457532 2.72941 -2.738588 -3.600205 -7.467678 3.516627 -5.131518 5.292557 0.3801656 -5.305081 0.4439411 -1.359758 -0.2346921 -0.06966674 0.1768816 
  130.8003 17.55829 -37.19532 0.5341692 -16.89239 -17.72038 1.512864 -40.53862 -20.41798 -1.188977 11.12917 -3.002842 -29.14791 -3.108245 -9.82125 1.079781 -14.94156 2.071317 -4.555931 -4.550259 -9.331249 -1.618073 -1.011613 0.536476 1.959152 2.499743 -0.6408925 -2.482366 -2.927506 2.561089 -4.672672 3.990452 -0.9438245 3.657555 -2.79493 2.558761 2.718672 1.039322 -5.271055 -7.238258 -0.2570565 0.008447766 0.1768816 
  131.4211 8.913273 -48.10761 0.5341692 -8.151106 -5.538354 -7.525862 -52.74248 -2.627919 17.49279 2.799473 -13.10445 -16.40512 -0.0769701 -14.86233 -10.41249 -8.603153 7.830266 3.484093 -5.857126 -12.06826 0.9629796 -0.6202362 0.1644394 -0.09272355 3.051304 0.6609459 -0.8237674 5.156157 -3.333434 -17.59305 1.327063 -5.151634 1.778523 -1.207813 6.374685 1.131457 1.537971 -2.94217 -0.4181569 -0.3100247 0.008447766 0.02913213 
  132.3007 9.54889 -50.38684 -0.7303777 -18.93726 -17.26068 -7.218914 -43.12732 12.74648 10.94768 -15.61353 -8.512812 5.457773 6.179067 -26.99965 -16.5027 -11.4328 12.2679 -0.6284795 -7.309202 -10.24359 1.012332 -1.495684 0.2681293 0.7760887 5.25986 3.747329 3.481938 2.753779 4.70718 -10.04054 -8.126306 -10.44545 6.766511 3.469165 3.982614 -3.022744 -1.859079 2.505555 1.593507 -0.2711813 0.02797639 0.05952191 
  132.1454 10.34341 -50.84269 -1.615561 -21.16802 -20.50084 -12.28355 -36.47067 15.23962 3.362268 -27.91343 -7.135319 10.29415 -11.45816 -34.49159 -9.557728 -11.4328 6.445202 -8.837841 -5.276296 -9.407278 0.3707555 -1.444187 0.2315329 -1.353821 4.055193 5.154688 1.383505 0.2712851 2.476928 -10.9846 -3.66679 -4.986202 1.214813 1.857724 9.385265 -0.01757717 0.8211627 2.158896 -2.199544 -0.2617648 0.05726933 0.1587279 
  133.4906 7.165324 -46.74007 4.83363 -24.32826 -20.09977 -13.97176 -25.45533 21.88801 -11.39139 -29.20574 -3.462006 28.21349 -6.707884 -41.97165 -0.01531219 -9.169083 -0.3151646 -13.52755 -7.018786 -5.023845 0.7162196 -1.784253 0.02415317 -0.5183685 2.437144 5.727291 1.383505 0.8298039 -2.631366 -16.08255 -5.192513 4.078568 6.766511 -2.089545 9.025887 -3.597261 8.378767 -2.503229 -1.072554 -0.1946716 0.09632659 0.2676502 
  133.7493 4.622855 -46.0563 4.201356 -23.95647 -18.18008 -14.43218 -27.20649 11.91543 -13.5817 -23.39032 -10.34947 14.5382 0.3966665 -44.46501 10.1143 -7.358109 -4.151982 -10.06124 -7.890032 -4.84584 1.407148 -1.114607 -0.2564194 -0.8525496 0.2774885 5.481889 -1.98706 -7.846961 -1.929297 -13.06154 -0.4707241 -0.6953025 7.388303 0.4477137 -2.30794 2.718672 8.968491 0.9455872 -4.252354 -0.1982028 0.1744411 0.2676502 
  134.008 3.510524 -44.91668 9.006635 -27.48851 -19.09713 -20.41766 -21.60279 5.682565 -8.836021 -32.43653 -2.195747 26.7988 13.6847 -39.4783 13.67335 -19.58219 -6.230259 -5.779333 -1.646108 -5.409522 1.111036 -0.4966435 -0.8126924 -0.5183685 2.092851 5.154688 -2.828531 -11.33002 -2.9824 -13.62798 -1.602664 2.915698 6.766511 5.483465 2.786578 4.041067 2.127695 -1.249114 -3.319258 -0.2017341 0.2232627 0.2676502 
  133.2837 1.92148 -41.26991 8.247907 -22.65519 -24.71196 -21.67608 -33.88197 7.344661 -10.66128 -5.749424 2.15339 21.14006 7.759201 -41.14053 7.650337 -21.16679 -7.34933 -8.837841 -4.695466 -7.753254 -0.5845509 -0.8159245 -0.3967056 1.09034 0.9973736 0.3058991 -6.636351 -10.11095 -2.9824 -5.509033 2.658757 -0.3473711 3.781913 8.102057 3.014394 -4.742389 1.350978 4.065524 6.496216 -0.2111506 0.2623199 0.2494965 
  132.8698 3.192715 -33.52757 9.451408 -21.91161 -22.3056 -48.68394 -27.20649 -2.627919 -6.498764 2.141865 -16.77777 13.12352 -2.539881 -42.80277 9.56675 -22.28485 -0.9546347 -14.75095 -6.728372 -7.782922 -0.320673 -0.07379138 -0.1832265 0.8500302 1.592061 -0.7592411 -7.155599 -12.72324 2.056126 -0.3863225 5.59761 2.809982 -4.439402 5.282035 4.267384 -1.03403 2.953309 8.745428 3.907138 -0.2370462 0.3111415 0.3765725 
  133.1802 0.4913409 -28.28987 8.88018 -21.91161 -10.25027 -50.1571 -34.25179 0.2807497 -17.59727 2.141865 -2.543678 31.98598 8.549268 -46.95836 6.829018 -30.40523 0.3243046 -10.67295 -3.969429 -8.04993 0.02529144 -0.07379138 -0.2747176 -0.4069748 1.592061 0.06920147 -13.21349 -14.98723 1.256602 -1.954499 3.457774 0.7461262 0.8390071 11.52637 6.089914 -4.083391 2.481529 5.278832 2.945481 -0.2782438 0.3990203 0.5218022 
  132.4041 0.8091495 -32.36462 9.259544 -23.77057 -11.05474 -45.73763 -32.77253 -3.874492 -24.16821 2.580269 -6.676155 35.28691 5.784034 -42.80277 8.745429 -33.69728 4.476954 -1.462914 1.492039 -8.95111 -2.673584 -0.1396665 -1.128842 -1.242427 -1.810472 -0.8775902 -7.674847 -2.419761 8.784455 -2.738588 -1.869003 -3.230228 4.03063 6.289186 4.324338 -1.210805 -0.3319645 2.505555 5.238664 -0.2182131 0.5552493 0.4854948 
  133.9563 -1.574416 -32.27517 16.74225 -35.29617 -19.09713 -28.55081 -30.92346 -12.28002 -9.201075 4.333889 -12.18612 30.57129 -6.13952 -66.9052 -0.01531219 -32.59993 13.56312 1.51721 6.015893 -6.477552 -1.046337 0.2775425 -1.461632 -0.7968526 -5.413375 3.689759 1.622129 1.032902 13.92859 -0.6476851 1.726571 -7.798542 -1.556758 4.073455 -0.06112671 -0.06177044 -7.112524 1.118917 -0.4666307 -0.2358692 0.731007 0.4128799 
  132.9732 1.444767 -32.09625 14.24801 -29.34747 -16.45621 -16.1204 -22.41999 -23.22928 -2.250935 7.841129 -21.82857 21.61162 -7.086793 -81.86532 -4.001747 -22.28485 4.768547 1.696018 4.283353 -2.381329 -0.4965916 1.024127 -1.012366 0.942457 -4.30479 2.624726 1.025569 1.388323 6.498176 -0.07268715 -3.467036 1.143762 6.269078 -7.185611 -3.805816 1.087264 0.01085711 -0.6847625 -0.7332368 -0.3206184 0.7993572 0.2858039 
  131.9902 2.398193 -29.03363 17.70157 -22.84109 -23.70931 -9.367547 -23.93766 -11.68817 0.9349375 -0.05015945 -31.93018 5.337016 -7.370975 -62.7496 1.627327 -16.63935 5.060139 4.199323 9.618979 -1.757743 -0.6285305 0.3434176 -0.7960529 0.5357789 -2.503338 2.71108 0.8466012 3.906921 12.92834 -3.209041 -1.003402 1.647112 10.74598 -5.440125 -7.924974 7.87601 -2.641482 0.6634111 0.4058983 -0.2711813 0.8332349 0.1587279 
  129.3516 7.483133 -30.30711 13.28869 -10.66382 -13.92786 -13.66481 -34.99142 -18.79039 -1.644102 4.114687 -8.053648 12.65195 -13.25886 -57.76289 -18.73823 -23.16272 2.800298 -1.701324 5.101497 -2.292245 1.4565 1.133919 -0.446624 2.277113 0.3400872 -1.114288 -5.597854 -2.216663 11.7852 -3.261313 -0.1378002 -1.043233 5.398571 -6.762722 -0.4355955 5.231222 0.0731883 -3.745573 0.8421628 -0.2841291 0.8906312 0.3402651 
  136.257 -5.210758 -38.71609 20.77139 -23.77057 -15.53681 -17.04124 -10.81188 -25.65233 -29.64399 -0.2693615 7.546322 -6.134863 -9.928614 -31.16712 -3.300591 -31.50258 15.11738 7.985579 4.042723 -6.358882 1.308444 1.11196 -0.3845068 -0.5740652 0.7469788 3.747329 -3.347779 3.522541 14.21437 -1.588591 -3.267282 0.1993775 5.522929 3.670595 0.05278146 -0.4153197 2.835364 3.372204 -1.546378 -0.1628756 1.034122 0.5762634 
  138.7484 -7.667517 -38.17935 20.00394 -26.00133 -27.71991 -13.81829 -19.38465 -36.55606 -7.560721 -4.653412 -9.431139 4.12945 -6.044792 -36.98494 2.174873 -29.74682 25.22008 10.86648 9.771819 -2.559496 -2.519655 -1.784253 -0.01854265 1.145796 -0.1607025 3.776113 -1.151875 3.33035 5.783713 -1.588591 -2.201926 -9.121996 -2.026516 -1.516419 -3.55617 1.219844 1.319812 4.932172 1.593507 -0.1522769 1.235009 0.7578006 
  138.3151 -11.35265 -39.78958 11.17819 -45.30714 -26.11567 -12.13008 -13.79925 -50.48861 -9.931179 -4.215007 -10.34947 14.5382 -13.25886 -28.11572 5.460151 -21.16679 24.44295 11.68959 15.88538 -0.7778239 -3.053457 -1.526582 -0.729495 1.071855 1.65466 5.972692 -4.213192 5.444443 10.64206 -2.634043 -3.999713 -6.640519 1.825499 -1.163727 -1.683825 9.595124 -1.859079 5.278832 2.353692 -0.2076194 1.407198 0.667032 
  137.0152 -9.305355 -41.49783 11.75378 -39.84661 -20.09977 -13.05092 -28.95765 -53.51742 -21.24779 -18.86722 -3.921171 34.34379 -9.549704 -27.97622 8.471657 -19.58219 15.89451 7.162466 12.98144 -1.401409 -1.530113 -1.660554 -0.7128556 0.8685155 3.352471 0.897644 -0.5254873 6.69368 -1.34424 -6.830723 -4.420463 -10.44545 -2.073492 0.2462836 -6.801567 5.231222 2.127695 1.292247 1.90985 -0.2570565 1.493292 0.3221113 
  136.4736 -9.305355 -43.54914 15.78292 -48.49245 -18.06516 -17.50166 -24.52138 -45.03674 -1.644102 -5.311019 2.327356 28.68505 0.301939 -6.835346 -1.657951 -10.75369 21.59347 7.985579 3.320831 -7.278574 -4.271401 -2.495523 -0.6130188 3.336984 5.862194 2.71108 6.632204 5.348348 2.224447 -8.152411 0.7278008 -15.4084 -4.439402 -4.382047 -7.550505 1.925235 -4.73431 4.758842 -2.666092 -0.2158589 1.53634 0.1950353 
  136.5819 -12.17157 -41.04198 13.48056 -48.49245 -29.72521 -33.95238 -29.44421 -61.9981 -7.409013 5.210699 10.32977 16.42445 -11.20092 -9.489483 -4.108593 -12.90422 18.48495 9.426027 3.320831 -5.083179 -3.459438 -1.722404 -0.280817 2.489088 3.854415 5.236488 -0.5851433 -1.556595 6.498176 -3.888584 -7.354255 -12.2652 -2.355347 -4.558393 1.077955 -1.52016 -1.42276 1.292247 -3.412568 -0.200557 1.593736 0.06142128 
  136.3653 -10.94319 -36.92694 10.79446 -45.76219 -25.71461 -48.19289 -9.484157 -45.03674 -5.891931 -11.01028 -0.108161 18.78226 -5.002791 8.425942 0.8060074 -12.56466 5.862018 10.6607 0.5776432 -7.486247 -2.211798 -2.124426 -0.5797398 1.201252 6.263749 7.036098 3.0319 3.13816 6.355283 -9.285288 -9.361587 -3.92609 1.120862 -5.131518 8.127441 0.5569401 -2.451225 -3.915071 -1.02408 -0.1840729 1.665481 0.08611298 
  135.8237 -6.848597 -42.40952 -3.638836 -39.84661 -19.89924 -52.61236 -16.93303 -38.97911 -1.037269 -27.26727 3.197184 21.61162 0.8703032 -4.181209 -4.322285 -4.779684 9.652719 11.48381 0.6738954 -5.290852 -2.849503 -2.062576 -1.162121 -0.5183685 3.051304 5.154688 0.130729 4.867872 4.62302 -14.76086 -9.979227 -4.986202 -3.397374 -6.806808 15.85407 3.512109 -6.446624 -5.525302 1.399612 -0.1911387 1.67983 -0.02974808 
  136.0403 -3.57292 -39.96849 -6.42084 -35.29617 -1.385262 -49.66605 -23.2372 -12.28002 2.603727 -22.09801 -12.18612 21.61162 12.10457 -11.5141 -17.25063 -0.727875 12.78599 13.95315 -4.259844 -7.397244 -2.761543 -1.969802 -0.6130188 1.959152 -1.037084 5.727291 6.182165 8.039012 0.4149975 -12.30629 -6.427794 -8.460268 -0.9460729 -5.836904 18.54941 0.6453276 -7.302781 -3.491326 2.279718 -0.1970258 1.694179 -0.1399111 
  134.5771 -3.16346 -45.37253 -9.222586 -44.39706 -7.607 -38.37185 -29.07439 -16.27502 -4.981682 -14.51752 -11.72696 9.822584 25.5357 -7.49888 -15.3274 5.534012 15.89451 12.30692 -0.04882526 -7.130237 -0.562561 -2.186275 -0.5464609 -0.314548 0.2148898 4.380592 2.881887 3.810826 0.330837 -12.4951 -6.891025 -8.129405 -5.134087 -7.375011 12.43998 -1.210805 -7.683295 -2.94217 2.575613 -0.2264526 1.694179 -0.0981251 
  133.9563 0.6502452 -45.1446 -9.222586 -43.03192 -0.9453884 -21.67608 -30.55365 -28.68115 -4.981682 -16.05194 -15.85944 -7.463186 -5.665883 -4.181209 -13.93841 -10.30094 8.048961 10.24914 1.9733 -4.72717 -2.431696 -3.546967 0.01805377 0.8685155 -0.9431863 1.646046 7.082242 6.597585 -3.80148 -14.19442 1.393648 -3.578159 1.167838 -6.410029 12.97905 -2.138871 -7.207652 -0.9669385 3.53727 -0.2782438 1.722878 -0.1570053 
  133.8528 5.258472 -44.68876 -11.13586 -39.39157 -7.377151 -13.20439 -39.42918 -18.49446 -11.75644 -18.22107 2.501322 -5.410324 -10.94368 -11.5141 3.269966 -17.43166 9.21533 11.89537 6.256523 -5.884202 -4.445393 -2.557373 -0.4632635 0.3324399 0.7782781 2.164171 1.413333 6.981965 2.182367 -9.851727 -2.468265 -9.949154 -2.702689 -5.087432 8.307131 -1.03403 -1.672085 -0.7474682 2.057797 -0.2770667 1.722878 -0.2524552 
  132.9215 4.146142 -41.49783 -4.650474 -38.93652 -6.112978 -10.59534 -33.88197 -4.881868 -15.40696 2.799473 10.1558 -10.18912 8.549268 -8.494182 6.555244 -7.471294 13.30408 16.01093 10.23034 -4.073917 -1.772001 -2.402749 -0.2686182 0.7576034 1.592061 2.595941 7.832305 7.46244 4.454699 -7.585974 -8.435125 -10.94174 0.2283218 -2.618584 11.36185 -0.9456432 -4.163539 3.718864 1.641981 -0.1958487 1.67983 -0.3240427 
  133.1802 5.258472 -38.98446 0.1548052 -37.11635 -7.492076 -10.13492 -33.51216 -2.627919 3.058852 6.964319 23.87594 -7.221673 -15.57405 -19.46614 6.007699 1.113857 9.944311 18.89183 13.28711 -0.4214895 1.012332 -2.495523 -0.2991152 -0.7411559 1.279068 0.9552134 6.632204 2.94597 1.382843 0.2409482 -3.267282 -3.677568 -0.476315 -4.911086 13.33842 -3.420486 -3.021996 2.678885 2.575613 -0.2288067 1.636783 -0.3479052 
  132.7146 7.959846 -38.62663 5.718813 -28.97568 -4.159257 -0.6680263 -22.30325 -16.71891 -13.94675 8.279533 4.762873 -9.757563 -16.60302 -14.16478 1.079781 -9.848199 21.85251 17.65716 8.549108 -3.89575 -0.1227646 -2.650147 -0.1344313 1.164281 2.562341 0.1875505 3.331925 5.060062 1.887805 -9.096476 -1.336325 -0.3473711 -1.462807 -3.412142 12.43998 -5.092032 1.288647 -0.4652925 -0.5878153 -0.2747126 1.579387 -0.4194926 
  131.1624 2.239289 -39.78958 -0.7303777 -32.87951 -18.69607 -15.35303 -32.40272 -24.44081 -28.91389 -13.42151 -5.298662 -13.60792 -8.412975 -16.39693 -0.8366318 -8.829525 16.93069 15.80516 10.38317 -2.470412 1.20974 -0.6614337 -0.5797398 0.4433521 2.12415 0.1875505 -1.122048 -1.353498 -2.514354 -2.686315 9.322107 -4.82077 -1.133976 -1.163727 10.28371 1.264038 -0.1761365 -2.126995 -0.006129265 -0.265296 1.493292 -0.3717676 
  131.6798 2.874907 -39.07392 -1.109742 -22.84109 -2.265011 -1.84733 -19.61814 -32.92149 -23.80316 -9.695068 -2.021782 -12.05392 1.154486 -11.93263 -5.924972 -1.832914 17.18973 14.15893 8.09059 -4.341168 -0.1887341 -0.2597578 -0.8293319 -0.1296943 2.950915 4.745686 0.6079772 1.185225 4.74926 -2.111317 3.12485 -9.121996 -2.471128 0.04485358 14.23687 3.776587 -0.7994485 0.1304123 1.448086 -0.200557 1.3785 -0.5626675 
  130.5933 1.603672 -41.72575 1.166443 -22.4693 1.253982 -1.540382 -26.85626 -34.73878 -24.16821 -10.79108 -4.380335 -24.48591 -15.8313 -12.90919 -9.450882 -13.35696 9.361126 13.95315 10.38317 -4.697502 -2.453686 -1.907952 -0.9291687 -1.576609 1.216469 2.106601 -2.309282 2.657684 6.498176 -4.045402 4.55475 -4.671657 0.7920313 1.857724 14.23687 1.219844 -1.017608 -0.2771749 -0.2969723 -0.1699414 1.292405 -0.5149425 
  131.6798 3.987237 -38.80555 -4.144655 -26.00133 -0.5055144 -7.986283 -36.10086 -40.7964 -22.708 -0.4885654 16.2446 -23.55351 -4.71861 -11.93263 -11.69464 -17.99759 0.3243046 -0.449672 9.007624 -1.935911 -1.310215 -0.02987465 -0.9790871 -0.3884894 3.854415 -0.8775902 -3.693944 5.636633 8.641563 -4.411309 -4.420463 1.541397 0.4632008 4.879175 9.205576 1.131457 -1.734416 -3.321828 3.907138 -0.2370462 1.22066 -0.6342549 
  131.4729 5.89409 -35.49563 -7.50064 -31.95003 -11.51444 -7.679336 -25.33859 -33.52725 -16.50212 -0.05015945 5.458735 -16.71592 1.833701 -19.18712 -20.96963 -19.12944 -4.471717 3.960913 9.771819 -2.024994 -2.915472 -0.9395171 -0.8459713 -2.913333 -1.46404 0.3058991 -0.9430795 3.042065 3.402693 -2.477225 2.991681 -7.302246 -2.702689 -0.3580066 7.947752 -1.917903 -3.687896 -1.343173 2.945481 -0.1628756 1.206311 -0.538805 
  132.4041 2.557097 -43.77706 -1.994925 -21.91161 -6.802526 -13.66481 -22.65348 -38.37335 -20.88274 -16.92875 -4.839499 -13.29712 10.1294 -21.55878 -33.11838 -20.37449 4.476954 7.162466 3.94647 -7.367577 -4.213404 -1.753328 -0.5464609 -1.855093 -1.671899 -0.2858458 -5.251689 -2.927506 1.761565 -0.02041435 7.087409 0.8455353 -2.026516 -0.3580066 8.666509 -0.6804814 0.2913475 -2.7227 1.448086 -0.1911387 0.9193293 -0.7774298 
  135.932 -2.051129 -42.63744 10.98632 -11.68728 14.89008 -12.5905 -13.46732 -28.68115 -2.857767 -23.39032 -1.847816 -7.825456 -15.05957 -21.69829 -20.96963 -20.14812 5.570426 3.90131 2.262057 -6.507219 -2.805523 -1.361792 -0.5298214 -1.465215 2.656239 4.294238 -1.509812 1.236 4.412619 -6.830723 -6.736614 -4.621953 -3.860497 2.260584 9.205576 3.512109 0.4783411 1.465577 -0.8301845 -0.2123277 0.8188858 -0.7774298 
  140.1566 -13.39995 -38.17935 17.31784 -18.00777 12.25083 -25.6045 -20.43535 -13.61169 18.14731 -37.60579 13.46115 -9.274536 -15.05957 -26.02308 -10.51934 -9.848199 5.643323 3.305285 -5.131089 -2.91583 -2.585625 -2.155351 0.2803281 -0.9639432 1.216469 2.308094 -2.828531 0.9821272 3.697255 -3.418131 -6.582204 -2.633775 -3.744717 -0.5594366 7.408685 5.098982 3.307143 -3.915071 -1.732996 -0.1876058 0.731007 -0.6103925 
  142.5398 -19.54185 -37.91098 17.31784 -32.13593 6.092597 -16.1204 -3.177481 -5.473721 16.51103 -42.77505 9.807873 -3.115948 -7.844612 -21.27976 -10.41249 -6.989762 2.946094 4.61654 0.962652 -6.180877 -2.475676 -1.56778 0.1034454 0.1291009 4.657526 5.890892 -4.386275 2.403812 -5.556651 3.30562 -2.002172 -0.1485538 -2.934251 0.04485358 2.273991 0.5569401 2.363585 1.638906 -5.092139 -0.1098822 0.5845423 -0.3717676 
  141.3482 -24.0459 -35.85346 13.86428 -45.76219 12.25083 -20.57114 -26.1558 -17.1628 26.3287 -44.71353 23.87594 10.76571 3.808867 -13.18821 -4.856513 -11.54599 2.800298 5.510578 8.243429 -2.024994 -1.200266 -0.7129306 -0.0002444386 -0.7411559 4.055193 5.236488 -5.770937 -1.962791 -0.876194 5.732781 -2.867774 -3.478751 -8.607512 1.656294 1.533588 1.660756 2.24564 5.278832 -0.9271321 -0.1558098 0.5552493 -0.2285928 
  141.9981 -21.9986 -32.99083 10.21887 -57.59334 6.972345 -17.80861 -20.66884 -25.65233 11.60219 -44.06737 27.43483 -9.636806 -8.981339 -12.49067 -17.49856 -15.62068 4.841444 9.631805 6.71504 -5.943537 -3.575433 -0.6717331 -0.2930158 0.4063814 3.754026 4.150314 -2.309282 -1.60737 0.7937195 -1.013593 -6.891025 -3.429046 -6.291895 0.8505738 3.754797 5.4957 -0.8617797 2.158896 1.738929 -0.2370462 0.574778 -0.02594936 
  141.3482 -20.77023 -30.93331 12.32937 -61.68874 6.092597 -14.58566 -17.04978 -27.46962 -1.340685 -38.89811 38.1115 1.231291 2.228734 2.122367 -5.604434 -19.80856 17.44877 6.956687 10.53601 -5.587527 -5.721334 0.3653759 -0.446624 0.1475862 2.343246 4.663885 -1.122048 4.195207 0.2466766 -0.3340502 -9.207176 -5.647929 -1.462807 2.260584 2.900486 3.379869 2.127695 -2.659994 0.5513198 -0.2688272 0.5650136 -0.08672893 
  141.4565 -21.17968 -33.43811 18.85275 -53.95299 11.81096 -16.58082 -14.13118 -11.98409 -7.105597 -38.89811 33.95946 -3.115948 -5.381701 -8.825949 -10.30565 -16.75254 9.871412 10.45492 9.313302 -6.685225 -4.213404 -1.176403 -0.5298214 0.1106155 2.092851 4.207884 2.281836 -1.455047 -4.035503 1.788644 -5.501333 -6.144224 -4.323621 0.6491438 3.071348 8.14049 -0.4254613 -3.321828 0.3331876 -0.1770072 0.5650136 -0.00315702 
  140.0483 -25.27428 -36.03237 10.027 -62.59883 -1.385262 -32.97028 -25.57208 -10.50446 13.23847 -36.95963 23.28279 -1.666868 -3.581882 -15.9784 -9.664574 -14.26245 10.71364 5.152963 11.14737 -5.172182 -4.561388 -0.6820325 -0.4632635 -0.3515187 2.061552 5.481889 -0.2570353 2.505361 -2.280332 3.002225 -0.2043853 -3.528455 -2.702689 -1.163727 8.48682 9.462884 -1.796748 -2.973523 0.9633474 -0.1134151 0.5650136 0.1042667 
  139.3984 -23.22698 -31.47005 12.52123 -62.14378 11.81096 -27.07766 -26.97301 -19.08632 8.672054 -36.31348 32.77316 5.578529 -0.0769701 -11.65361 -12.01518 -24.47954 9.725616 6.54513 9.924658 0.2020955 -4.909371 -0.857122 -0.6795766 -0.5183685 1.748558 1.502123 -1.09222 -3.029055 -6.960789 1.333552 -5.655744 -0.9438245 -8.723292 -2.309978 4.893879 5.4957 -1.173436 -4.338816 3.167402 -0.08868481 0.574778 0.3402651 
  138.6401 -23.63644 -28.66175 13.09683 -61.2337 24.12743 -34.93449 -20.55209 -4.585941 16.18377 -28.55959 29.21428 -12.67552 3.808867 5.440039 -9.344036 -16.86572 11.74981 7.574022 7.937751 0.9147643 -5.489345 -1.166104 0.2986263 1.774299 0.8095775 3.488266 -0.9430795 -0.6426554 -0.2911372 6.187873 -2.734604 6.932884 -9.070635 -1.604592 -0.8100643 4.702264 0.6030035 1.118917 1.205717 -0.08161902 0.6626568 0.4673411 
  137.4485 -22.81752 -31.47005 8.627271 -62.14378 18.40907 -25.6045 -39.799 -23.22928 -4.223141 -42.1289 25.65539 -14.85112 -9.36025 -1.527072 -22.70517 -22.50431 9.725616 7.7798 6.562201 -3.450332 -6.649292 -2.371824 0.3047257 2.330107 0.8408768 1.502123 0.04124498 -2.267438 -0.6421714 5.429386 -3.600205 5.030006 -0.8990972 -5.440125 -4.554754 1.660756 -0.7994485 -0.3398809 1.617744 -0.08515192 0.8619331 0.4854948 
  137.5568 -10.94319 -29.40551 14.24801 -37.57139 19.72869 -18.4225 -13.46732 -30.49844 -11.39139 -37.60579 23.28279 -13.91872 2.228734 -7.830647 -22.70517 -20.37449 1.269438 3.007273 6.256523 -4.697502 -4.445393 -1.660554 -0.04294026 -0.9082465 0.02709365 3.891252 -4.213192 6.88587 2.81357 -6.075472 -2.934358 2.38712 0.7450557 -3.632575 5.634282 0.07081032 0.1043539 2.505555 0.7209783 -0.2605877 0.9049802 0.2676502 
  136.6902 -3.16346 -26.61642 15.3992 -29.53337 10.05146 -22.65819 -15.99908 -17.31076 -6.043639 -52.46742 3.371149 -2.753678 -13.00162 -5.840044 -15.86163 -20.2613 -3.832248 -2.109125 7.479235 -7.219239 -4.097409 -0.7953257 -0.06733787 -2.412061 -3.473351 1.933893 -3.693944 -4.363905 -0.2911372 3.760713 -5.501333 3.021413 5.025496 -0.9622967 7.768064 -6.700391 1.773861 -2.973523 -0.03036618 -0.2700043 0.8762821 -0.06013787 
  135.0427 2.080385 -35.04834 10.79446 -24.32826 -0.06564029 -9.214073 -12.80346 -17.75465 -15.04191 -58.28284 4.588908 7.464776 -3.960791 -13.0487 -13.83156 -7.358109 -0.1552973 -4.14813 -1.210485 -7.248907 -3.63343 -1.114607 0.6057751 -1.186731 -3.611924 6.463495 -2.655448 -4.189752 4.917582 -1.379501 -8.280716 7.355746 3.046869 -7.943215 7.947752 -4.812318 3.660977 -1.468584 -2.572783 -0.2346921 0.8475839 -0.2285928 
  135.2497 3.033811 -39.96849 7.362723 -19.12315 -9.215947 -28.05976 -23.82092 -21.60169 -4.526557 -49.23663 3.197184 16.42445 3.018801 -15.69938 -18.49029 -18.56351 -0.4750319 3.066875 1.828922 -5.290852 -4.561388 -1.083709 0.1095448 0.07364476 -2.156905 6.463495 -1.927404 -6.802044 0.03627545 -4.306765 -5.810154 1.647112 3.140821 -6.99621 9.025887 -0.9014497 0.7899971 0.9142342 -0.5151045 -0.2970769 0.7798285 -0.1808678 
  135.7153 3.192715 -39.43175 12.7131 -15.96291 -5.883129 -26.09555 -33.88197 1.942847 13.23847 -36.95963 0.2397699 -6.497133 -8.507703 -26.02308 -11.05357 -11.31962 -1.434237 -0.449672 -1.791316 -6.447885 -5.315353 -1.197002 -0.0002444386 -0.7411559 -1.949046 5.400089 -5.424771 -7.498656 -3.450446 1.025037 1.393648 -1.937913 7.139586 0.04485358 11.00247 0.8662953 -1.672085 -2.910817 -1.639687 -0.3288579 0.7700642 -0.2285928 
  135.932 2.398193 -37.0164 10.98632 -14.10394 -0.5055144 -17.80861 -19.15117 -11.5402 14.54749 -30.49806 4.936839 0.02372456 -1.687335 -25.60456 -22.2093 -17.20528 -7.189463 1.457608 -0.4844475 -4.430251 -1.464144 -1.598704 0.2864275 -1.465215 0.9347749 5.400089 0.01141691 -2.572084 -0.047885 -3.679494 -5.501333 2.38712 -2.120468 -2.530411 7.408685 -0.2827387 2.363585 -1.75076 -0.1030769 -0.3519179 0.7114784 -0.1532066 
  135.7153 0.9680538 -33.8854 14.43988 -17.63598 6.092597 -16.73429 -15.64885 -15.68317 3.21056 -35.66732 -6.676155 -15.78352 -19.17546 -5.17651 -12.22887 -17.43166 -2.233573 0.742378 0.09638214 -8.376272 -4.155406 -2.155351 0.2376323 -1.075337 0.9034755 4.49573 -0.3763473 -3.130604 2.561089 -4.045402 -2.268511 0.4976039 -1.838613 2.462014 9.564954 1.087264 0.7899971 -2.283759 2.649586 -0.3979845 0.6626568 -0.2285928 
  138.2068 -2.527842 -31.55951 15.3992 -28.78978 6.532471 -23.64029 -23.70418 -24.44081 14.87475 -42.77505 5.110805 -9.274536 -8.981339 10.08478 -15.00686 -16.52617 4.112464 2.649658 0.8182737 -6.863229 -3.923417 -1.536881 0.03025258 -0.4626718 1.967654 4.582085 -2.828531 -4.363905 3.823496 -5.886659 -6.736614 -3.13082 4.901137 -8.70082 3.868705 4.437785 -2.641482 -3.491326 0.4543722 -0.4374702 0.6235995 -0.1808678 
  140.4816 -12.99049 -26.61642 14.8236 -32.13593 22.36794 -21.18503 -12.80346 -34.73878 -1.79581 -53.75974 4.414942 -6.014107 -14.54508 1.458833 -4.856513 -13.24378 6.663897 -8.63394 -2.226938 -8.227934 -5.431348 -1.39269 0.2132347 -1.01964 1.091272 1.012783 3.63195 0.06818724 5.497928 0.5023108 -8.589536 -0.5461893 -4.439402 -0.7608667 -0.004172623 4.966743 0.01085711 0.3498826 3.53727 -0.4703749 0.5943066 -0.1171187 
  141.7815 -17.90401 -23.08356 21.34698 -40.7567 10.93121 -22.16714 -16.23257 -24.44081 9.582304 -55.05205 13.46115 -6.497133 -8.223521 -18.48957 -10.1988 -11.31962 2.071317 -3.740329 -0.6296558 -4.816172 -3.459438 -1.753328 0.05465019 1.644901 1.717259 1.818754 2.881887 2.753779 0.07835567 -2.215862 -9.979227 3.232844 -0.8051455 -4.734739 4.381292 6.289137 -0.2073021 -2.377818 3.463297 -0.3914036 0.5845423 -0.06393659 
  141.1315 -22.81752 -21.41011 13.28869 -52.13281 14.01033 -17.96208 -11.47574 -23.83504 19.45633 -46.00584 26.24854 -8.549995 1.154486 -2.190606 -7.955041 -12.79103 7.538674 6.54513 1.299535 -5.795199 -2.607615 -1.660554 -0.01854265 1.755813 2.030252 4.827486 -0.07806706 2.94597 -4.269526 -0.4908676 -14.1483 -2.037322 -2.702689 -5.484211 -2.432763 4.173306 -1.547423 -2.910817 -0.006129265 -0.2947228 0.5650136 -0.1152194 
  140.8066 -25.27428 -22.89762 13.48056 -62.59883 1.693856 -22.65819 -17.04978 -32.31572 22.07438 -30.49806 28.02798 -24.17511 1.438667 4.776504 -3.68121 -21.84591 1.123642 4.437733 5.630884 -6.240212 -5.141361 -1.330894 -0.2747176 1.774299 3.653637 9.735512 -2.1362 3.33035 -1.695274 7.401454 -6.736614 -6.805951 -4.555182 -3.015363 2.273991 4.702264 -1.298098 -0.3398809 -3.412568 -0.2594106 0.5650136 -0.04494298 
  141.0232 -29.36888 -26.24454 12.90496 -51.22272 -1.825137 -36.40764 -26.1558 -29.28691 23.05614 -24.68264 20.31705 -22.62111 -8.412975 -9.82125 7.650337 -11.77236 6.590999 -3.128628 5.101497 -8.405939 -2.145828 -0.2274999 -0.06733787 1.700357 1.122571 9.162909 0.2202129 3.234255 -5.907686 4.064108 -9.361587 1.752828 -1.462807 -3.191709 1.077955 3.512109 0.4160099 0.9455872 0.09081841 -0.2052653 0.5552493 -0.3240427 
  141.1315 -26.50266 -29.59145 -0.3510137 -53.0429 1.253982 -33.46133 -31.66309 -38.37335 12.91121 -29.8519 11.1996 -29.76951 -8.791885 -11.37459 -8.809808 -7.924038 3.237687 -4.14813 7.326396 -5.409522 -2.995459 -0.8056251 0.3291233 -0.2221211 0.9034755 6.954297 -0.6447994 2.60691 -1.929297 2.09204 -6.273384 -2.186435 -3.397374 2.059154 4.552154 2.850911 -0.8306141 0.8515286 2.057797 -0.1275466 0.5161921 -0.8251548 
  141.6732 -20.36077 -22.89762 1.292897 -49.40254 15.76983 -21.18503 -8.820295 -29.89267 20.4381 -22.74417 10.32977 -0.2177887 6.969134 -13.60674 1.627327 -7.471294 5.424629 6.956687 12.37008 -5.824867 -3.575433 -0.506943 0.3047257 -1.409518 -0.4110973 6.218093 -0.9729075 4.483492 -5.205617 -0.804503 -4.574873 5.241437 -4.20784 3.066304 8.846198 2.057475 -0.08263969 0.1617651 -0.1757877 0.0279007 0.233027 -1.016055 
  141.1315 -16.67563 -24.01326 7.109815 -43.94201 8.731841 -16.58082 -0.8539698 -19.53021 13.56572 -18.22107 19.72391 3.163397 21.19033 -9.157716 -0.8366318 -0.3595283 8.121859 2.590055 8.549108 -0.5996569 -2.321747 -1.815178 0.5226162 -1.242427 -3.404064 6.463495 1.831798 0.7282553 -0.876194 -1.902227 -4.420463 1.752828 -5.712991 -2.92719 0.9640468 0.7779083 -2.264232 -1.562643 -0.5635784 -0.1734743 -0.07943106 -0.8490173 
  141.6732 -12.58103 -28.84769 8.500816 -36.6613 8.291967 -20.26419 4.124984 -17.90261 22.72889 -13.42151 22.68965 13.12352 26.32577 -17.65252 2.996193 2.587242 1.415234 -2.924727 7.173557 -0.4214895 -4.329398 -0.9807146 0.5226162 -0.4626718 0.1209917 6.218093 3.181912 1.896068 1.004121 -2.111317 -2.40168 0.8952394 -9.76532 -2.354064 -0.1859498 2.850911 -1.578588 -2.001583 1.90985 -0.1452111 -0.09895968 -0.3717676 
  139.8316 -16.67563 -37.28477 4.83363 -40.7567 -4.159257 -13.05092 -4.505202 -28.07539 22.40163 -21.45185 9.285976 15.95288 10.52443 -11.65361 8.471657 3.323935 9.579821 7.574022 15.5797 0.2911792 -4.967369 -1.021912 0.3978778 -0.2406065 -1.533326 2.682295 5.582115 -3.282927 -7.662857 -1.379501 -2.40168 -1.34146 -9.186416 5.282035 -2.183117 -0.6362877 -0.7371173 -2.597288 0.793689 -0.1593427 -0.1282526 -0.02784872 
  139.3984 -12.58103 -35.04834 7.615633 -38.93652 -5.883129 -22.16714 -15.76559 -19.67817 31.5648 -14.95593 14.33098 7.464776 12.89463 -12.63017 -0.5628586 -4.779684 1.706827 4.37813 9.466141 -0.4214895 -3.227448 -1.969802 0.1949365 -0.2960626 -2.919058 5.072887 5.432102 -1.302723 -0.9932055 0.3977661 -8.280716 8.201469 -8.491731 -3.764835 4.153476 -2.050484 -2.014907 -2.409171 1.25419 -0.249994 -0.1380169 -0.07723212 
  137.1236 -10.53373 -40.23687 0.660624 -47.12732 -11.05474 -25.6045 -22.06976 -28.68115 21.41986 -0.4885654 21.50335 12.18039 13.28967 -2.190606 -3.68121 1.113857 -0.3151646 0.980788 10.68885 -0.9559911 -2.937462 -1.444187 0.9245511 -0.9639432 -1.810472 9.571911 5.132077 -3.739897 -2.046309 7.098059 -7.508665 -1.639687 -3.976278 -8.70082 -0.8100643 -5.161961 -2.170735 -3.067581 0.8906367 -0.2182131 -0.1380169 -0.03544617 
  134.991 -3.16346 -38.08989 0.5341692 -32.32182 0.8141078 -14.58566 -21.83628 -18.49446 14.22024 -5.968626 21.50335 6.050091 -0.2664251 -2.85414 -1.931725 -4.042992 3.09189 5.629783 10.0775 -3.450332 -1.112307 -0.8365232 0.4117376 -0.6297622 -1.325466 2.826218 -0.6746273 -4.189752 -3.216423 2.547132 2.12608 -0.1485538 -1.368855 -3.720748 6.545547 -1.696935 2.481529 -2.848111 -1.266449 -0.1911387 -0.1282526 -0.134213 
  135.6119 3.192715 -41.04198 13.48056 -18.00777 -12.66369 -11.36271 -39.42918 -17.90261 15.85651 -21.45185 -3.921171 1.593561 -7.18152 -21.27976 -6.993429 -6.989762 5.351731 -1.641722 6.112145 -0.1542389 0.6175156 -0.5584399 0.3840179 -1.242427 -2.711198 2.250525 5.28209 1.845293 -0.4081488 -1.431774 -4.729282 3.021413 6.020362 -9.647825 4.723017 4.702264 3.660977 -3.915071 -2.199544 -0.2382233 -0.1380169 -0.09432638 
  134.8358 0.4913409 -52.21023 5.718813 -31.39234 -19.29766 -20.57114 -44.23676 -17.90261 7.913513 -20.15954 0.2397699 6.521653 4.598934 -27.27867 -15.96848 -10.30094 -0.1552973 -3.536428 5.149623 -1.66866 1.160388 -0.5378411 0.01195437 -3.637392 -4.51265 -0.7592411 4.982064 -1.60737 -1.812285 -0.9613209 -4.729282 -1.689391 3.657555 -6.233683 3.128302 4.305545 1.382143 -3.99982 -1.826306 -0.1628756 -0.1673099 -0.4433551 
  134.3702 1.444767 -51.75438 6.477541 -30.64875 -22.70666 -12.28355 -43.86695 -5.621683 8.823763 -26.62111 5.458735 18.78226 2.228734 -29.50488 -14.79317 -6.621416 2.654502 -6.594935 7.326396 -4.252084 0.5681636 -0.2055416 -0.03684086 -3.971573 -5.690521 -0.6408925 2.431849 -1.60737 -0.876194 -5.090853 -5.964563 -0.9935288 2.671063 -5.925077 1.818358 0.4685526 0.3225131 -5.271055 -1.732996 -0.1134151 -0.2551887 -0.5626675 
  134.9393 1.92148 -55.62908 5.971722 -41.21175 -18.29501 -9.981442 -37.58011 -2.627919 4.272517 -19.51338 -20.91024 22.08319 13.6847 -32.82935 -12.7631 -5.884723 -4.31185 -9.245642 9.160463 -6.863229 2.19678 -0.9704152 0.3840179 -2.746242 -4.374076 -0.6408925 -4.04011 -6.802044 5.497928 -2.58177 -2.068757 2.069974 10.12419 -4.117527 -7.176036 -3.022744 8.614656 -4.593063 1.302664 -0.1310795 -0.4549155 -0.538805 
  134.8875 -1.574416 -55.62908 8.121452 -32.50772 -20.3003 -17.80861 -34.99142 -10.94835 -8.47097 -10.35268 -12.64529 15.95288 2.623767 -46.12724 -14.1521 -3.306299 -5.430922 -8.430039 5.919641 -11.07989 -1.508123 -1.124906 0.3474215 -1.01964 -3.334777 -3.12622 -3.174696 -2.622859 7.498423 -5.404488 -5.501333 -0.297667 8.507527 -2.574497 5.463419 6.289137 -0.1761365 -4.169318 1.49656 -0.1452111 -0.4583397 -0.3240427 
  133.5941 -3.16346 -53.34985 7.742088 -35.75121 -29.32415 -27.56871 -20.08512 -14.94335 -22.708 -2.899792 -9.431139 26.7988 -0.9295158 -47.78948 -8.702962 -2.569607 -5.111187 -6.798836 6.562201 -12.67648 1.308444 -0.2700571 0.5226162 0.9054863 -2.087619 -4.901455 -4.04011 -4.363905 2.224447 0.3977661 0.5946312 -4.572248 9.253677 -4.382047 3.24221 -3.022744 -1.111104 -2.973523 4.498928 -0.233515 -0.444643 -0.05823851 
  133.3354 -2.686747 -53.12193 7.868543 -38.02644 -29.52468 -27.07766 -17.6335 -21.00984 -15.40696 20.49387 -13.56362 2.559614 -8.981339 -51.11395 -3.574364 -6.989762 2.144215 -5.575433 6.256523 -13.36073 -1.112307 -1.06311 0.536476 -0.2590919 -0.8179889 -3.244569 -4.905523 -9.936796 -2.9824 6.491269 3.790697 5.558584 3.610579 -1.736852 4.4952 -7.119963 0.8211627 -1.249114 4.572901 -0.3716607 -0.4309464 -0.01455319 
  135.4049 0.173532 -50.15892 12.90496 -35.29617 -24.51143 -26.09555 -17.75024 -18.19854 -21.24779 16.59191 -12.18612 8.87946 -3.108245 -36.98494 -0.2890854 -12.11192 -3.192778 -1.462914 3.032074 -10.0155 -0.1227646 -1.598704 0.6334948 0.03667402 -1.325466 -4.073012 -3.347779 -10.2851 -1.812285 2.395435 3.990452 0.597013 0.416225 0.2462836 6.830317 -4.392746 0.2290163 -1.75076 0.8179259 -0.4506321 -0.4343705 -0.1038232 
  134.7323 -3.16346 -49.931 12.7131 -32.50772 -14.38756 -25.11345 -14.94839 -21.30576 -14.3118 30.24877 -13.10445 -1.546112 -8.60243 -30.336 6.555244 -15.39431 -6.549994 -2.109125 4.138975 -9.863445 -1.046337 -0.4348472 0.3535209 0.1106155 -1.394753 -6.676689 -7.501764 -10.11095 -3.099411 3.153922 0.6612158 -0.4964848 3.328724 -1.472333 10.10402 -2.138871 2.599474 -3.406577 0.502846 -0.3584988 -0.4480672 0.0158366 
  134.5771 -1.73332 -50.61477 15.01547 -31.20644 -20.90189 -31.98817 -23.93766 -31.70996 -27.45368 24.39583 -10.80863 2.076588 -3.297699 -31.99823 9.019203 -10.30094 4.695648 0.02714801 4.187101 -8.95111 -1.859961 -0.7438288 0.536476 0.7206326 -1.949046 -1.587684 -3.867027 -12.20078 0.2466766 3.153922 0.461462 -2.385253 -0.3823634 -2.133632 7.408685 -4.952175 -0.8306141 -6.033795 0.9148736 -0.3064935 -0.4377947 0.07661617 
  134.1115 -0.3031812 -47.42384 10.41073 -31.02054 -25.71461 -26.5866 -4.505202 -28.68115 -31.8343 20.49387 -6.676155 3.767179 -9.549704 -41.14053 6.281471 -19.35582 10.4546 -0.3900695 3.994596 -9.787417 -3.227448 -1.124906 1.063149 1.164281 -2.503338 -0.2858458 -1.808092 -3.232152 -1.110217 -3.627221 -3.067528 0.5473084 0.6980798 2.663444 6.03296 -5.161961 2.363585 -4.932059 -1.217975 -0.2158589 -0.4114177 -0.3479052 
  133.5941 2.398193 -45.60045 11.56191 -22.84109 -20.70136 -15.04608 -8.488365 -17.60669 -23.80316 16.98211 -4.839499 4.974747 -12.22989 -46.12724 0.8060074 -25.79636 -1.594104 -1.462914 2.598939 -7.159904 -4.73538 -0.8262239 0.2864275 0.4433521 -1.325466 3.171635 -0.5254873 -5.757128 4.496779 -2.895405 -3.66679 -5.317065 4.403704 3.872025 9.385265 4.834503 -2.108404 -1.217761 0.7209783 -0.1840729 -0.3918891 -0.4433551 
  133.3354 3.987237 -46.51215 8.88018 -12.98856 -17.95023 -24.13134 -24.63813 -11.09632 -11.39139 11.51936 -7.135319 6.993214 -9.739159 -44.46501 -2.479271 -24.69901 -4.151982 -2.109125 3.753966 -6.121542 -5.37335 -0.7953257 0.5780555 2.171126 0.590482 4.991087 1.562474 -0.8965275 7.641315 -2.529497 -2.002172 -6.309656 1.778523 -6.99621 6.659455 3.776587 -3.783025 -2.346465 0.2362399 -0.1805401 -0.6500931 -0.4194926 
  131.2142 7.959846 -40.68415 2.43099 -8.151106 -3.929407 -7.06544 -21.60279 -11.83613 -8.47097 -1.584577 -17.69609 -0.2177887 -17.11751 -31.16712 -12.22887 -16.97891 4.039566 1.04039 6.409362 -1.312325 -3.111454 -1.691479 0.3169245 1.09034 5.25986 0.6609459 -1.479984 0.9313526 3.066051 0.7636738 7.087409 -8.294837 1.449692 -3.720748 5.349512 -1.343386 -3.973282 -0.559351 -0.4666307 -0.1840729 -0.6363964 -0.3479052 
  130.1277 6.370803 -41.95367 -6.673749 -20.61033 -9.215947 -9.827969 -25.33859 -20.41798 -11.75644 -4.653412 1.979425 -6.859403 1.438667 -18.9081 -9.450882 -8.716339 10.4546 3.126478 8.396268 -2.737663 -3.807422 -1.691479 0.3169245 2.22412 3.051304 0.1875505 1.502818 -0.1349106 0.4570777 2.69883 4.40577 -5.151634 -4.786744 -0.5594366 8.48682 -4.602532 0.01085711 -1.938878 1.593507 -0.1734743 -0.6055789 0.01773596 
  127.93 4.622855 -42.40952 -10.94453 -20.98212 -8.526399 -9.981442 -25.33859 -8.137054 -11.75644 10.25236 16.59253 10.76571 -1.592607 -21.55878 2.72242 -14.26245 10.71364 1.99403 0.8663998 -4.252084 -2.211798 -1.753328 0.4117376 0.8870009 2.499743 3.027711 -2.828531 -0.1856852 0.7937195 -2.738588 5.59761 -7.63311 -1.415831 -0.3580066 6.944226 -3.46468 -3.212254 -7.728775 2.945481 -0.1522769 -0.5781856 0.0253334 
  128.3177 5.735186 -35.85346 -1.742015 -21.91161 -8.871173 -15.81345 -36.10086 -19.38224 1.996895 8.937141 15.7227 5.337016 -6.707884 -25.04652 -3.894901 4.060627 18.48495 0.623173 1.828922 -2.292245 -0.07341257 -0.72323 0.03635198 1.589445 -0.06680441 3.833683 -3.174696 1.845293 0.5412381 -8.530037 9.173127 -5.647929 -1.274904 -5.748731 6.830317 -0.4595132 -2.546354 -3.745573 1.423849 -0.2605877 -0.5576406 0.01773596 
  129.5068 5.89409 -43.77706 -4.144655 -20.05264 -8.986098 -17.80861 -33.14235 -15.97909 -7.864138 4.772295 1.631494 -2.632921 -20.71891 -41.97165 -5.924972 -1.464567 11.23173 -3.536428 3.802092 -4.786505 -1.991899 -1.877028 0.3779185 1.737328 -0.3484986 5.809091 -5.078606 -5.234669 0.9199601 -4.306765 5.746589 -4.224317 0.04041862 -4.47022 8.666509 -4.952175 -1.703251 -0.7474682 -1.546378 -0.3584988 -0.5439439 -0.04684234 
  131.9902 7.483133 -40.23687 5.339448 -14.47574 -9.215947 -29.53292 -32.40272 -9.912611 6.396432 11.12917 -4.380335 6.050091 -13.77335 -40.30942 2.174873 -4.042992 8.486349 -3.128628 6.256523 -3.984833 -3.691427 -2.124426 0.4255974 1.071855 3.754026 7.117898 -4.04011 -5.408821 -1.695274 4.5192 3.391189 -10.61088 -5.481429 -2.839017 5.577328 -4.602532 -2.926868 -0.9982913 2.205745 -0.3382745 -0.5405197 -0.07153404 
  133.2319 7.165324 -38.08989 5.592358 -15.59112 -8.0667 -27.07766 -18.68419 -3.458968 7.913513 6.525913 -12.18612 15.48132 -20.46167 -37.81606 -2.479271 -13.13059 2.7274 -5.575433 8.396268 -3.89575 -2.937462 -2.2172 0.5780555 0.1291009 4.255971 5.972692 -4.386275 -3.536799 3.991817 3.30562 1.926325 -7.63311 -0.5232909 -3.456229 4.21043 -4.215971 1.537971 -3.915071 0.04234457 -0.281775 -0.526823 -0.03544617 
  134.2149 3.828333 -38.71609 16.16665 -13.17446 -3.144759 -28.55081 2.465333 3.189419 6.548141 -6.626233 -1.673851 9.351023 -27.14999 -39.4783 -10.41249 -4.779684 8.632145 0.8019805 2.165804 -6.892897 -0.562561 -1.846103 0.4533171 3.12501 -0.2546005 1.674831 -3.693944 -7.846961 9.213133 6.339571 0.2617078 -1.589982 11.49213 -9.079622 -1.309357 -8.098965 -1.547423 4.585513 -5.558687 -0.3170872 -0.526823 -0.01075447 
  135.3532 5.258472 -34.5116 19.81207 -16.3347 -11.16967 -27.56871 2.797264 3.189419 -3.4646 -21.45185 2.327356 18.31069 -17.11751 -31.16712 -11.69464 1.482203 3.966667 3.007273 1.540165 -8.494942 -0.2766933 -2.371824 0.1156442 4.396855 2.218048 4.827486 3.0319 -14.29062 -2.280332 3.760713 3.12485 1.243171 10.12419 -18.92848 -0.06112671 -3.995003 -3.212254 5.972151 -2.94602 -0.3650798 -0.5370955 -0.1285149 
  132.3007 3.987237 -33.70649 12.52123 -13.36036 -16.68606 -31.98817 -0.8539698 4.851516 -4.223141 -10.35268 -3.002842 0.2652378 -13.25886 -36.98494 -22.70517 3.692281 3.966667 5.272168 5.727136 -10.0155 0.6175156 -1.784253 0.5087563 3.548958 1.811157 5.072887 -1.53964 -11.50417 3.655175 -2.843133 0.5280466 -6.144224 10.49726 -8.322018 -0.004172623 -0.9898367 -1.329264 5.972151 -1.048317 -0.4111464 -0.5302472 -0.006955743 
  132.1454 1.762576 -36.30074 9.835136 -19.49495 -20.90189 -31.98817 -15.06513 -3.874492 1.54177 2.141865 10.32977 -1.666868 8.944301 -20.4427 -23.44897 -1.096221 1.779725 5.927795 5.919641 -7.842257 0.8642756 -2.619223 0.9799904 2.966029 -0.7240908 8.181304 3.931975 -13.76816 4.160137 1.485249 -0.7370629 -6.144224 6.393437 -13.81465 -8.049797 -0.9456432 1.891806 2.505555 -5.931925 -0.2723584 -0.526823 0.01393723 
  132.6628 -0.1442766 -42.86537 3.442628 -26.93082 -14.38756 -18.88293 -15.29862 -19.82613 3.21056 22.83504 22.68965 -1.908381 -10.02334 -23.51191 -20.7217 -8.716339 4.768547 5.689385 -1.500901 -8.723026 2.986412 -1.907952 1.03543 2.383101 -1.46404 4.035175 2.431849 -7.672809 9.356026 5.732781 -0.7370629 -10.77631 4.776779 -8.511419 -0.004172623 3.379869 -2.736611 1.118917 -2.94602 -0.1770072 -0.5165505 0.0405283 
  133.025 -1.415512 -41.72575 6.603995 -21.35392 -3.144759 -8.753653 -9.152226 -23.83504 -12.48654 4.553091 19.02805 -2.149895 -13.00162 -28.67376 -11.48095 4.060627 12.78599 1.2788 -4.695466 -10.31961 2.640948 -1.166104 1.090869 1.164281 -1.879759 4.236669 0.01141691 -10.11095 8.641563 4.064108 -2.135342 -9.287427 7.263945 -1.604592 -2.682409 2.718672 -0.2696333 -1.374526 -2.199544 -0.1522769 -0.5097022 -0.06583595 
  133.9045 -8.076975 -48.33553 0.7870789 -34.73848 -7.492076 -10.28839 -24.17115 -23.83504 -16.50212 6.087509 49.97446 3.40491 -1.592607 -16.95497 -11.37411 10.69086 9.361126 5.450975 -4.405051 -8.109264 1.505852 -0.403949 0.8136725 1.57096 -2.226192 4.150314 4.982064 -2.52131 5.783713 2.547132 -2.268511 -5.151634 0.2752976 -6.498202 5.064741 0.6895208 -2.451225 0.3812354 -1.145264 -0.2441087 -0.5131264 -0.06583595 
  134.6288 -11.76211 -46.28422 0.660624 -48.9475 -3.584633 -11.9766 -35.36123 -26.25809 1.238354 2.799473 51.16075 -6.376377 -0.5506067 -17.09448 0.5322342 8.84913 22.62964 12.71848 -2.952976 -5.439189 2.640948 1.046085 0.9522707 2.277113 -1.949046 3.63219 2.131824 -3.079829 1.340762 10.7388 -6.582204 1.193466 4.776779 -2.92719 6.03296 1.792996 -3.973282 -2.409171 1.666218 -0.3848226 -0.506278 0.00823915 
  136.7986 -16.67563 -41.72575 9.259544 -56.22821 -1.825137 -7.679336 -25.45533 -27.46962 -2.554351 -6.845436 52.9402 -20.13471 -22.77686 -23.3724 -9.023499 -0.727875 20.55729 12.71848 -9.196899 -5.528192 0.07464346 -0.1396665 1.118589 5.297745 -1.325466 1.041568 3.181912 -7.15035 -1.110217 4.5192 -9.207176 3.127129 3.422676 -7.753815 -0.9348874 1.04307 -1.266932 -2.597288 2.871507 -0.4308892 -0.5028539 -0.03924489 
  136.6902 -20.77023 -46.96799 -0.8568325 -62.14378 -5.078655 -24.6224 -30.92346 -30.49844 -1.188977 7.621925 49.97446 -8.187726 -14.54508 -16.95497 -13.93841 -2.569607 24.44295 11.68959 -6.583164 -5.083179 1.308444 0.2995009 0.4394572 4.078894 -1.22488 0.779295 0.2202129 -5.582974 0.4149975 5.732781 -5.655744 -0.9438245 0.9329586 -0.5594366 -0.3107729 -2.801775 -2.641482 -2.283759 2.945481 -0.4374702 -0.4994297 0.0405283 
  138.2068 -19.95131 -45.1446 3.316173 -60.77865 -6.112978 -32.47923 -41.27825 -32.31572 -8.47097 2.580269 52.9402 -0.7008152 -16.34578 -28.67376 -10.62619 -2.937953 17.18973 7.985579 -0.6296558 -6.418217 2.640948 0.3434176 0.8829716 2.489088 -3.126918 1.271845 -1.062392 -4.189752 6.355283 2.850527 -5.038103 2.915698 -3.860497 -6.057337 0.3375519 -4.462675 2.717419 -2.095642 0.1392922 -0.4243083 -0.4925814 -0.06963468 
  138.6401 -19.95131 -44.00499 3.948446 -58.04839 -3.584633 -38.37185 -33.14235 -28.68115 8.975471 1.045853 50.5676 -4.444271 -18.66097 -28.11572 -14.68633 7.007398 21.07538 3.603298 0.2888865 -7.219239 2.44354 1.11196 0.855252 0.2954692 -2.503338 3.459482 -2.655448 -5.93128 5.001742 0.8682189 -7.971895 0.9449439 -5.712991 -0.7608667 2.615715 -3.995003 -0.5812893 -2.691347 -1.266449 -0.4835368 -0.4891572 0.02153468 
  138.0985 -23.22698 -40.86307 1.166443 -62.59883 6.972345 -31.49712 -24.52138 -19.82613 13.56572 -5.311019 42.85668 -10.81072 -20.20443 -33.66047 -22.45723 4.060627 26.77434 2.530453 -1.646108 -9.483305 2.147428 0.7825849 1.160168 2.542081 -2.503338 4.438161 -0.5851433 -2.724408 0.2466766 1.940342 -6.273384 0.09996843 -0.476315 0.8505738 7.768064 -0.6804814 -2.046072 -1.405879 0.1877661 -0.5361844 -0.4823089 0.02153468 
  138.2068 -20.77023 -35.58509 3.695538 -58.50343 7.412219 -21.18503 -23.47069 -11.09632 13.23847 -14.73672 57.09223 -22.31031 -22.26237 -20.3032 -13.61787 15.84771 23.92486 10.04336 0.6257693 -4.608418 2.246132 0.9802102 1.257187 3.919913 -1.741186 2.595941 -0.7641114 -4.015598 3.023971 -5.352216 -2.268511 -0.8444157 4.652421 -5.087432 7.588375 5.76018 1.891806 -3.237079 -0.1030769 -0.4966987 -0.4720364 -0.0487417 
  137.6652 -19.13239 -38.26881 5.845267 -64.41901 12.25083 -10.13492 -30.92346 -11.83613 19.45633 -9.03746 42.85668 -16.09431 -13.25886 -26.99965 -19.23409 5.534012 17.18973 9.01447 -0.04882526 -6.477552 2.394188 0.4751678 1.229467 3.019023 -3.473351 2.855003 -1.062392 -7.15035 8.212886 -2.37268 -6.736614 1.647112 -3.165812 4.073455 7.947752 -0.2385454 2.127695 -0.6534095 -4.718901 -0.3848226 -0.4617639 -0.05064106 
  137.2319 -18.72293 -36.30074 9.006635 -53.95299 3.893226 -14.12524 -24.63813 -26.25809 18.14731 -11.44869 49.38131 -16.40512 -6.897338 -32.82935 -24.4407 -6.989762 17.44877 6.133574 -3.098184 -6.774227 0.5188115 0.2995009 0.3352227 1.84824 -2.572625 1.7324 -1.3905 -5.582974 5.212143 4.367503 -9.670406 1.143762 4.03063 5.282035 2.330945 -6.630463 1.413309 1.638906 -4.812211 -0.3394516 -0.4686122 -0.1247162 
  133.1284 -17.90401 -39.61066 6.73045 -51.22272 -12.20399 -33.46133 -36.10086 -18.64243 -5.891931 -12.3255 52.34705 -16.71592 -1.971517 -21.41927 -15.96848 0.7455108 17.70782 2.94767 -2.226938 -6.180877 0.02529144 -0.5996374 0.6334948 2.648068 -1.810472 4.663885 1.831798 2.403812 -1.110217 3.91241 -3.467036 -0.9438245 2.81199 -3.456229 4.552154 -2.050484 -1.796748 -3.237079 -3.412568 -0.2664731 -0.4617639 -0.006955743 
  131.835 -14.62833 -41.72575 8.500816 -43.03192 -1.385262 -14.43218 -47.9349 -28.07539 9.12718 -20.80569 42.26353 -3.840487 -7.370975 -17.65252 -22.2093 -19.35582 16.93069 8.602914 1.395787 -1.66866 -1.96991 -0.2494583 0.1156442 2.913036 -2.434052 1.991462 0.8764293 -3.841446 0.1625161 -1.536319 -3.733375 -1.490573 -4.20784 -2.530411 4.723017 -3.066937 -2.014907 -1.468584 3.759191 -0.2782438 -0.4514914 -0.07913148 
  130.2312 -3.57292 -42.63744 3.948446 -34.73848 -14.73234 -16.27387 -42.7575 -14.49946 4.727642 -4.434209 20.9102 -0.8215714 -8.318249 -20.4427 -20.7217 -14.26245 16.4126 2.828465 2.550813 -5.765532 -2.123838 0.2116674 0.3840179 3.230997 -2.849771 1.24306 -1.629124 -2.673634 -0.4081488 -3.784039 -0.2043853 1.143762 5.025496 -5.528298 6.431639 -5.441676 1.101653 -0.778821 2.131771 -0.3029623 -0.444643 0.1405741 
  128.9379 4.146142 -43.77706 -4.524019 -28.0462 -27.31885 -19.80377 -39.05937 -4.290016 8.520348 8.279533 20.31705 -6.376377 -13.51611 -26.16259 -28.90351 -14.94156 8.340553 0.503968 -2.807768 -11.38401 -2.409706 -0.9807146 0.4117376 2.171126 -0.5988934 5.236488 4.982064 -4.189752 3.444774 -3.365858 2.059495 0.4478998 1.355741 -5.175605 6.089914 -8.029036 -3.212254 2.678885 0.502846 -0.3382745 -0.4377947 0.006339788 
  129.6103 7.959846 -36.83749 -6.673749 -26.00133 -25.51408 -13.05092 -31.29328 -10.20854 8.975471 18.54289 12.24339 -9.395292 -13.51611 -13.60674 -18.73823 -14.26245 7.028387 1.934428 1.347661 -11.07989 -0.936388 -0.5481405 -0.1893259 3.389978 2.531042 4.351807 4.382014 -2.724408 1.046201 -3.261313 3.12485 0.5473084 7.139586 -7.564413 -3.181701 -7.469606 -1.890244 0.8828814 0.9633474 -0.3848226 -0.4377947 0.02153468 
  130.0242 10.18451 -35.67455 -8.648603 -24.88595 -25.51408 -7.679336 -26.97301 -8.580944 -1.340685 8.279533 12.24339 -18.58072 -3.392427 -18.35006 -19.72996 -6.253069 3.602177 2.70926 5.534632 -11.76414 -1.92593 -0.6614337 0.536476 4.078894 -0.03550506 3.14285 1.831798 0.5759315 7.784208 -7.963598 -0.1378002 -4.82077 5.149854 -7.375011 3.868705 -1.785322 -3.783025 -1.75076 -0.1273139 -0.5230225 -0.4309464 -0.08862829 
  129.0929 9.54889 -36.47966 0.7870789 -21.91161 -24.11037 6.747 -25.45533 -12.13206 -0.1270199 6.525913 4.762873 -11.74312 -3.392427 -21.97731 -19.9779 -24.91848 3.675075 9.220249 4.138975 -9.635362 -2.101849 -0.5584399 0.7859529 4.767809 1.059972 4.150314 0.9659133 -2.97828 2.476928 -5.03858 4.70373 -3.379342 1.214813 -10.40543 5.121695 -0.2827387 -6.06611 1.465577 2.205745 -0.4374702 -0.4309464 0.3221113 
  129.6103 7.800942 -37.19532 2.051626 -21.72571 -15.76666 -5.991123 -24.17115 -9.320759 -4.374849 13.08014 9.459942 -14.22952 -12.22989 -36.15382 -28.15971 -23.60167 5.278833 5.748988 6.562201 -12.75251 -2.937462 -0.3833504 0.6334948 1.922182 0.9347749 1.933893 1.681786 -1.404272 -2.046309 -6.264284 3.857282 3.655706 3.281748 -7.185611 5.463419 3.379869 -0.6747861 1.465577 1.983824 -0.3782417 -0.421182 0.5036485 
  128.6278 9.389986 -41.49783 -9.413913 -22.65519 -22.90719 -10.28839 -20.08512 -10.50446 5.486183 15.81152 17.46236 -9.878319 3.413834 -31.16712 -24.4407 -14.37564 0.3243046 4.437733 4.475857 -12.37237 -2.717564 -0.5790386 0.5226162 3.230997 -0.9118869 3.718544 3.481938 0.01741266 -1.110217 -7.019535 2.459003 4.289999 3.187797 -11.54184 0.1666896 -5.441676 1.891806 -1.593996 -3.03933 -0.4243083 -0.1184883 0.4310337 
  128.3177 9.707794 -34.69051 -9.987894 -23.02699 -9.101023 -14.73913 -34.6216 -3.458968 5.182767 15.81152 28.02798 -8.187726 -13.77335 -35.32271 -16.39586 -17.43166 5.78912 6.339352 5.630884 -8.799053 -1.94792 -0.07379138 0.2742287 3.12501 -0.473696 -0.9959393 1.055397 1.845293 2.77149 -5.509033 4.55475 5.558584 3.328724 -6.99621 -0.8100643 -4.392746 -0.9864421 -1.499937 -1.266449 -0.5230225 -0.108724 0.667032 
  127.775 9.707794 -42.1816 -10.94453 -18.37957 -21.90454 -6.911966 -32.77253 -14.05558 13.89298 35.71151 32.77316 -12.67552 -18.66097 -32.82935 -19.48203 -9.508641 14.08121 3.066875 4.668362 -11.9162 -1.398174 -0.857122 0.3230239 0.05515939 -1.533326 1.761185 -1.151875 -1.404272 -0.005804777 -9.096476 2.858511 -0.9438245 0.9329586 -0.3580066 7.768064 -3.243712 0.5095067 -4.254067 -1.359758 -0.5559273 -0.108724 1.011953 
  128.2401 11.13793 -39.96849 -12.66648 -25.07185 -24.71196 -7.372388 -22.53674 -14.94335 8.21693 27.5174 19.54994 -19.20231 -16.34578 -36.15382 -20.96963 -10.18776 9.579821 3.603298 4.475857 -11.76414 -0.7604694 -0.9189183 0.7027939 2.065139 2.12415 5.318288 0.458837 -2.622859 0.1625161 -3.679494 5.448629 -4.82077 3.140821 -3.941181 0.9070928 -1.52016 -1.485092 -0.2144694 -0.2242615 -0.5296035 0.2623199 1.229797 
  129.1447 10.97903 -36.56912 -12.47515 -29.90516 -21.70401 -4.456385 -29.07439 -17.45872 -4.374849 24.78602 30.40057 -9.274536 -16.08854 -36.98494 -25.1845 -9.848199 7.101285 9.01447 6.71504 -6.685225 -1.156286 -2.093501 1.02157 0.942457 2.718838 2.682295 -1.68878 -2.97828 1.256602 6.794664 5.448629 -7.302246 3.657555 -8.70082 -4.554754 -3.111131 -0.3319645 1.985566 0.9391105 -0.4769559 0.7114784 1.066414 
  128.5502 13.83931 -35.67455 -19.1716 -30.46285 -23.90984 -0.6680263 -26.62277 -7.693166 2.300311 21.27426 14.33098 -8.187726 -14.80232 -28.53425 -21.21756 -22.50431 2.071317 4.735745 6.867879 -8.494942 -0.7824593 -1.299996 0.536476 1.589445 1.936354 2.538372 -2.828531 -5.408821 3.697255 5.581083 4.85271 -1.34146 7.885736 -6.189596 0.9640468 -0.3711262 0.8523283 -0.08905792 1.399612 -0.3716607 0.731007 0.4491874 
  129.1447 17.0174 -32.27517 -18.21496 -30.46285 -30.72786 -1.104204 -23.70418 -4.290016 1.693479 2.580269 1.283563 -14.54032 -7.18152 -21.41927 -19.48203 -18.22396 -1.594104 0.3251605 9.160463 -7.723587 -0.2547035 -0.6717331 0.5919153 1.108825 0.9660742 0.9264287 -1.569468 0.2205105 -0.4081488 -3.313586 1.793156 -5.317065 8.258811 -8.511419 2.729624 -1.652741 -3.212254 -2.346465 -0.1030769 -0.2217443 0.731007 0.04622638 
  131.2659 20.6142 -32.81191 -11.70984 -18.19367 -31.12892 0.2043298 -11.80767 -2.627919 -1.79581 1.045853 10.85167 -8.912266 -2.350426 -8.825949 -8.061887 -17.99759 -1.434237 -0.211262 5.967767 -6.833562 0.8149236 -1.299996 0.3169245 0.591235 4.757915 3.804898 0.04124498 -1.556595 -0.5251598 -2.215862 4.85271 -5.978792 4.776779 -6.99621 0.05278146 -0.5479007 -2.014907 -1.217761 0.8179259 -0.1876058 0.731007 -0.008855104 
  133.1802 19.27724 -36.83749 -3.765291 -7.313535 -6.342828 21.57705 -12.1396 14.40857 8.823763 2.580269 0.06580448 -13.29712 0.2072115 -6.503579 -10.09196 -19.58219 0.8039074 4.735745 1.780796 -9.103166 0.6668676 -1.495684 -0.04903966 0.4433521 4.557137 4.035175 -0.07806706 -2.724408 1.298682 -5.886659 7.087409 2.492836 0.3222735 -8.322018 -1.309357 -3.906616 0.3536787 -2.409171 -1.242212 -0.3182642 0.731007 0.1042667 
  133.1802 21.18719 -36.92694 -6.926659 -10.24503 -1.825137 24.19412 -1.84976 2.773896 17.49279 23.61544 14.33098 6.993214 -4.529155 -15.42036 -18.24236 -32.38046 -3.03291 1.04039 0.2407604 -6.981899 1.160388 -1.114607 -0.3662086 -0.01878208 3.854415 4.06396 -1.360672 -0.3380084 6.21239 -4.934035 10.21599 2.069974 -0.9930487 -7.753815 -0.8100643 -7.329749 -2.641482 -3.15233 -1.193738 -0.3370974 0.7407713 0.2858039 
  131.6798 17.2718 -40.14741 -7.883295 -2.706897 1.253982 25.93884 6.780426 11.4999 6.699848 8.717939 7.024425 -14.85112 -6.328974 -14.58331 -5.604434 -27.55212 -0.1552973 1.099993 3.465209 -8.494942 -1.486134 -0.2494583 -0.3784074 1.626416 7.869972 3.488266 -5.944019 0.8298039 6.069498 -6.830723 2.325834 4.818576 7.761378 -9.079622 -5.178869 -6.910177 -3.878153 -2.158348 -2.666092 -0.2123277 0.8091215 0.3584188 
  132.6111 19.75473 -33.52757 -9.60524 -16.7065 -14.96219 7.183179 -15.41536 2.358371 10.34085 5.429901 4.588908 -10.81072 -3.013517 -4.512976 2.448647 -20.14812 4.841444 6.339352 1.058904 -9.331249 -3.053457 -0.5584399 0.1034454 1.663386 5.761805 1.415769 -1.599296 3.33035 7.641315 -4.672672 -0.9368169 0.8455353 -3.165812 -8.322018 -0.9348874 -3.199518 0.3848443 -1.625349 0.9391105 -0.2417545 0.9623765 0.2676502 
  131.8867 20.5187 -37.10586 -12.28382 -16.89239 -16.68606 14.59821 3.461123 13.57752 4.12081 -3.338197 9.981838 -3.598974 2.623767 -5.508277 -0.5628586 -22.72379 -6.230259 0.5635705 4.764614 -10.92784 -4.561388 -0.7129306 -0.6462977 -1.186731 3.352471 3.977606 1.234365 2.849874 9.070241 -3.627221 4.55475 3.54999 -6.291895 -12.11004 -2.30794 -2.757582 4.250701 -1.938878 1.763166 -0.248817 0.9767256 0.0405283 
  132.4041 22.81064 -33.8854 -7.50064 -6.89475 -6.112978 9.800247 -7.824505 6.513613 8.368639 12.29975 -2.021782 -14.54032 -5.002791 -3.517675 4.638832 -16.97891 1.561031 5.57018 2.935822 -13.05662 -1.618073 -1.248499 -0.1039343 0.2030423 4.858304 4.236669 -1.718608 0.1697359 2.182367 -3.470403 3.524358 1.752828 1.872475 -13.05705 -2.432763 -6.840249 4.840425 -1.53129 2.353692 -0.2452857 0.9336784 -0.3001802 
  131.6281 21.85567 -30.48602 -6.673749 -19.68084 -11.97414 18.95999 -6.164854 -0.9658226 10.34085 20.10367 22.0965 -2.874434 -3.013517 -11.93263 -13.51102 -27.33265 -2.233573 -3.536428 -4.114636 -7.515914 0.07464346 -1.124906 -0.1649283 -0.6297622 2.061552 5.072887 -3.174696 0.1697359 6.355283 0.7636738 3.590943 -2.484662 3.906271 -8.70082 -1.434179 -6.560534 1.413309 -2.503229 2.649586 -0.3017852 0.8188858 -0.2763177 
  132.042 20.32771 -32.27517 -3.638836 -9.826247 -8.526399 14.59821 -13.79925 -5.769646 14.22024 20.10367 26.84168 -3.840487 -6.802611 -11.65361 -16.18217 -30.40523 -5.910524 1.159595 4.523983 -8.109264 -0.07341257 -0.8983195 -0.3662086 0.2584984 5.159471 1.962678 -2.309282 0.5759315 9.927595 -4.463582 3.324604 4.924291 1.637596 -6.806808 -1.434179 -6.210891 -3.687896 -3.321828 -2.759401 -0.331212 0.8091215 -0.1494079 
  131.7833 19.65923 -33.61703 -7.691967 -11.87318 -13.92786 9.36407 -17.86698 4.851516 31.5648 29.07818 13.80908 -0.4593019 -0.6453342 -21.97731 -17.25063 -35.89198 1.925521 3.066875 1.828922 -7.011567 -3.575433 -0.7541282 -0.3174134 -0.0002967119 4.456748 3.747329 -0.3166912 2.60691 4.538859 -6.075472 7.981288 4.71286 -2.81847 -9.079622 -2.932055 -6.630463 -3.687896 -2.189701 -2.106235 -0.2864833 0.7895929 -0.2047303 
  132.4559 20.6142 -27.91799 -7.50064 -15.21932 -25.11302 7.619357 -9.152226 -7.693166 13.89298 20.49387 20.9102 13.12352 -3.866064 -11.37459 -9.878265 -26.45477 1.415234 2.590055 2.262057 -6.240212 -2.365726 -1.021912 -0.2137235 0.3509253 3.352471 6.218093 1.294021 1.337548 2.266527 -9.4741 4.55475 3.444275 2.48316 -8.322018 -1.184534 -5.092032 -4.06841 -3.321828 -0.6362891 -0.2747126 0.8091215 -0.1076219 
  130.5933 16.38178 -37.91098 -6.294385 -8.988676 -10.70997 12.41732 -5.832923 0.6962742 19.12907 13.47034 4.240977 -6.134863 0.8703032 -26.3021 -11.48095 -31.72205 5.424629 4.735745 3.320831 -7.011567 0.07464346 -1.176403 -0.2320217 1.219738 6.765694 6.627095 -4.905523 2.302263 1.845725 -5.886659 3.923866 -0.297667 7.885736 -4.029354 -2.932055 -5.72139 -2.641482 -4.084569 -0.4181569 -0.3041394 0.7700642 0.02723277 
  130.9037 18.89525 -29.21957 -5.535657 -13.73215 -10.13535 -1.540382 -30.18384 -6.509462 21.41986 23.61544 20.9102 -5.651837 -9.265522 -17.79202 -5.497588 -23.16272 2.581604 2.292043 2.83957 -6.981899 -1.288225 -1.629629 -0.3967056 -0.3884894 6.564916 6.872497 -4.213192 -1.658144 3.402693 -1.118138 5.895569 -1.34146 3.906271 -9.837227 0.3375519 -4.083391 -2.295397 -2.126995 -2.386163 -0.3006082 0.8332349 0.03483021 
  130.0242 19.37274 -29.40551 -12.09249 -13.91805 -12.77862 8.491713 -17.51675 -11.39224 19.78359 25.17622 20.9102 -6.25562 -3.581882 -15.55987 -13.08364 -22.06538 6.15361 2.888068 2.83957 -4.430251 -3.865419 -1.526582 -0.5298214 -1.520912 1.779857 7.854102 -0.4956594 -1.099625 6.78396 -3.522676 5.746589 1.143762 0.885983 -2.839017 4.153476 -5.161961 -2.326563 -6.627038 -3.692497 -0.2558794 0.8475839 -0.05254042 
  129.5586 15.74616 -32.99083 -8.648603 -5.219609 -17.49053 -3.075121 -29.07439 -11.39224 17.16554 23.22524 22.0965 -6.25562 -12.48713 -14.4438 -15.11371 -20.2613 6.15361 9.631805 5.727136 -9.559334 -2.893482 -1.042511 -0.2381212 0.4063814 5.761805 2.912572 0.339525 3.522541 5.640821 -5.886659 3.724113 0.1993775 1.872475 -6.365943 0.6223223 -4.532603 0.4471755 -6.203294 -3.225949 -0.1993799 0.8762821 0.03103149 
  128.8604 10.34341 -31.02277 -4.27111 -10.66382 -18.49554 -14.8926 -25.80557 -2.627919 28.29224 32.98014 33.95946 -3.719731 -5.855338 -4.844743 -13.93841 -34.13622 -1.594104 0.503968 -4.695466 -9.787417 -0.9583778 -0.8365232 -0.2198229 -0.5740652 3.252082 4.179099 -0.1973791 0.7790294 2.81357 -0.9090481 3.790697 -1.242051 -0.3823634 -2.265891 4.039567 -8.518536 -3.021996 -3.491326 -0.3454461 -0.1840729 0.8762821 0.06711936 
  129.1447 14.47493 -32.18571 -6.041476 -3.963252 -9.330873 1.949042 -15.29862 -10.20854 21.41986 32.19975 19.72391 -7.7047 -5.381701 2.454134 -5.924972 -27.77159 1.706827 -2.516926 -0.04882526 -6.596222 -1.596083 -1.753328 0.1034454 0.05515939 2.499743 7.935902 -0.8834234 -7.846961 1.719484 1.181854 7.385368 -5.317065 -5.481429 -6.101423 5.691236 -3.95081 -4.163539 -6.118545 1.666218 -0.2923687 0.8762821 -0.1570053 
  129.662 16.85849 -33.16974 -6.42084 -5.638394 -6.112978 10.23642 -16.93303 -5.91761 19.45633 16.59191 16.94046 2.801126 -3.013517 -12.35116 -19.23409 -35.0141 -0.1552973 5.33177 2.358309 -7.931259 -0.1227646 -1.258798 -0.1039343 -0.1481797 3.252082 2.855003 0.6378052 1.642195 0.6674788 -4.724945 2.192664 -1.589982 1.59062 -1.38416 6.602501 -4.952175 2.481529 -3.745573 -2.479473 -0.3584988 0.8619331 -0.07153404 
  128.5502 18.89525 -32.633 -7.691967 -7.313535 -13.12339 18.95999 -16.23257 -8.580944 7.154973 28.68798 25.65539 6.050091 -2.91879 -12.49067 -15.75478 -28.86894 1.123642 0.265558 4.379605 -8.875082 -2.299757 -2.186275 -0.2991152 0.09213012 2.405844 3.373127 0.160557 -1.048851 0.1204359 -1.588591 8.428227 -3.975795 4.403704 -9.269024 4.723017 -8.378679 -5.305081 -2.001583 -1.639687 -0.3848226 0.8762821 -0.02974808 
  129.6103 19.08624 -30.21765 -8.457276 -3.963252 -3.584633 3.693754 -21.01907 -1.796871 16.51103 21.27426 11.54753 8.87946 -7.276248 -18.48957 -19.48203 -30.84417 6.299407 7.162466 9.007624 -8.376272 -2.519655 -1.56778 0.1461412 0.9609424 2.687539 2.624726 4.081988 -1.251949 2.308608 -3.679494 -1.935587 -2.534366 5.149854 -6.454116 -0.6852417 -2.404033 1.506806 -2.064289 -2.292854 -0.3716607 0.8619331 0.004440427 
  128.5502 19.37274 -25.68672 -5.535657 -3.125681 -9.215947 3.257576 -15.06513 -6.657425 9.734013 18.15269 23.28279 -0.5800591 -5.097519 -17.09448 -21.21756 -28.64947 9.798514 5.689385 5.005244 -8.799053 -2.365726 -1.877028 0.005854964 0.2584984 0.4965839 4.909286 4.232001 -3.130604 9.64181 -3.261313 1.460233 -1.291756 -2.026516 -5.792817 -0.06112671 -4.462675 -1.64092 -5.779549 -2.572783 -0.313556 0.8762821 0.08611298 
  129.0929 16.85849 -32.18571 -7.883295 -4.800823 -1.825137 9.36407 -17.40001 -10.65243 23.71066 26.34681 19.72391 -2.391408 8.154234 -14.02527 -23.44897 -35.67251 3.893769 2.768863 4.764614 -8.799053 -2.343737 -1.114607 -0.1954253 -0.03726745 -0.5362947 3.63219 3.781963 -0.4395576 6.355283 -3.784039 2.525588 3.867137 0.04041862 -4.161614 0.05278146 -4.532603 -2.641482 -7.983022 -0.03036618 -0.2911916 0.8762821 0.02723277 
  128.8604 18.13127 -32.18571 -8.648603 -10.24503 -10.25027 13.28967 -9.816087 -13.90761 5.486183 16.20171 5.110805 -2.874434 15.65987 -7.830647 -16.5027 -33.25834 9.069534 4.556938 6.409362 -9.787417 -1.88195 -1.475085 -0.2625188 1.626416 0.2461891 4.207884 5.432102 -2.165889 4.62302 -4.202219 6.193529 2.17569 -3.628936 -9.647825 0.8501387 -2.845969 0.4160099 -2.597288 -0.9998429 -0.281775 0.8906312 -0.02215064 
  128.6278 15.90507 -31.29114 -4.776928 -4.800823 -5.883129 5.002288 -9.484157 2.358371 9.430595 14.25073 12.41736 -2.029138 -4.150246 -15.00183 -15.11371 -26.67424 1.925521 3.007273 2.213931 -7.397244 -1.310215 -1.310295 -0.1161331 1.36762 0.6530807 1.30063 5.432102 0.3220596 2.266527 -3.574949 7.236388 -2.136731 -1.791637 -3.544402 4.096521 -7.399678 -4.924567 -2.032936 1.060295 -0.3441598 0.8762821 -0.04304361 
  129.2999 17.74928 -31.02277 -7.309313 0.2246004 -9.905497 5.874645 -16.34931 -15.09132 19.45633 24.00563 18.15822 -6.61789 -0.0769701 -15.00183 -14.57948 -22.50431 -1.434237 -0.211262 -1.936523 -6.744559 -1.859961 -1.011613 -0.3052146 0.07364476 0.2148898 3.63219 3.181912 2.200714 6.926853 -2.059044 3.923866 -1.192347 -3.050032 -5.704644 3.811751 -3.862422 -4.544053 -4.338816 -1.121027 -0.3782417 0.8762821 -0.09052765 
  127.775 16.06397 -29.03363 -2.374289 -3.963252 -16.57113 3.693754 -15.88234 4.435992 20.11084 17.7625 10.50374 -9.878319 1.438667 -11.09557 -7.313967 -22.06538 5.133037 -1.701324 1.058904 -7.100569 0.4201075 -1.289696 0.2742287 1.959152 1.466864 0.5425973 0.6378052 1.439097 7.784208 -0.7522306 1.260478 -1.391164 -0.6642182 -9.837227 5.463419 -2.00629 -6.256367 -8.491516 -0.3212092 -0.3194413 0.8619331 -0.49108 
  128.2401 17.1763 -29.94928 -7.117986 -3.125681 -14.73234 -3.535542 -23.58743 -4.585941 14.87475 17.3723 13.98305 -16.09431 -4.434428 -7.830647 -13.93841 -25.79636 -0.4750319 0.742378 6.409362 -2.826747 0.1239955 -0.9704152 0.03025258 2.012146 2.750137 4.745686 3.0319 -1.861242 2.561089 0.7636738 6.789449 -2.186435 -3.397374 -7.564413 11.54153 -3.641454 -5.305081 -2.910817 -0.8544214 -0.2464628 0.8188858 -1.06378 
  129.0929 17.74928 -30.12819 -7.309313 -6.89475 -15.07711 -3.995964 -11.14381 -12.72391 10.03743 14.25073 22.68965 -2.391408 6.969134 -10.81655 -14.47264 -28.64947 0.3243046 1.099993 -0.3392401 -5.557859 -0.2547035 -0.4657454 -0.006343842 2.542081 3.653637 0.779295 -1.330844 -1.099625 7.641315 4.064108 0.9941397 -3.727273 0.651104 -5.748731 4.723017 -3.906616 -8.539452 -4.508314 -0.4666307 -0.1416782 0.4087846 -1.517167 
  129.0929 16.69959 -31.73842 -7.883295 -9.826247 -11.74429 -1.104204 -15.06513 -8.285018 23.3834 17.7625 11.72149 -4.444271 8.944301 -1.858839 -17.99443 -35.23357 1.415234 1.934428 4.716488 -4.72717 -2.519655 -1.155804 -0.2198229 0.387896 2.687539 3.373127 1.831798 1.743744 1.424923 -3.313586 5.895569 -0.6455979 0.8390071 -3.05945 5.463419 -4.532603 -6.351495 -4.254067 -2.106235 -0.05688876 -0.001316547 -1.684204 
  128.3177 13.04479 -31.20168 -6.926659 -13.91805 -14.61741 10.23642 -6.828714 -2.627919 3.21056 25.95661 12.76529 -4.082001 12.10457 -10.95606 -25.68037 -21.84591 6.445202 4.676143 3.94647 -8.465274 -2.541645 -0.8777208 -0.1893259 2.595075 3.854415 2.049032 3.0319 2.099165 1.551163 -7.208347 4.40577 -1.540278 -0.8990972 -5.528298 6.203823 -4.742389 -3.497639 -7.813524 -2.199544 -0.1946716 -0.3137746 -1.183092 
  130.1794 15.58726 -34.33269 -10.37055 -10.24503 -17.14576 -2.461226 -14.83164 -9.616685 9.582304 25.95661 15.02684 0.7482643 9.339334 -8.825949 -18.73823 -24.69901 -0.1552973 1.815223 0.4332649 -8.020262 -0.8704185 -1.104307 0.1705388 2.595075 1.842456 0.897644 -0.5851433 -2.216663 0.6253986 -3.522676 8.130268 0.8455353 0.885983 -7.943215 6.830317 -5.092032 -1.609754 -4.169318 -1.266449 -0.3112018 -0.5576406 -0.6342549 
  130.1794 17.94028 -32.81191 -11.90117 -6.057179 -6.572678 -5.377228 -19.38465 -5.029831 15.202 19.32328 11.37356 -1.425355 -5.760611 -22.11682 -9.557728 -21.39316 6.955489 0.265558 1.058904 -7.337909 1.061684 -1.248499 0.04245138 1.533989 2.311946 4.294238 -0.7939394 -5.93128 2.182367 -2.006772 9.918027 5.135722 0.08739448 -9.269024 2.501807 -5.301818 -2.2019 1.465577 -3.599187 -0.2558794 -0.5439439 -0.08293021 
  129.9207 19.18174 -29.40551 0.02835035 -4.800823 -15.65174 1.949042 -12.1396 -3.043444 -3.161184 5.649105 16.07063 3.284153 -10.49698 -15.83889 -7.634504 -28.43 -2.073706 -2.720827 5.245875 -4.430251 -0.2327137 -0.2274999 -0.09783489 0.6097205 2.656239 3.114065 -1.062392 -8.195267 2.68733 2.547132 3.524358 3.021413 7.015228 -2.309978 6.488593 -1.829516 -4.163539 -3.99982 -2.106235 -0.233515 -0.5336714 0.06142128 
  132.2489 13.5215 -26.98829 -3.891746 -2.288111 -15.65174 -25.6045 -24.75487 -15.68317 8.065222 1.922663 -0.108161 -14.54032 -11.97265 -10.81655 -22.45723 -16.2998 -0.7947674 -2.109125 0.8182737 -2.024994 -2.145828 0.2336257 -0.762774 -0.4626718 1.873755 -0.04914761 -0.7342834 -5.93128 4.875501 5.429386 3.590943 5.030006 -2.81847 -3.235796 1.590542 -0.8572559 2.599474 -4.593063 -1.072554 -0.4045655 -0.5131264 0.08041489 
  126.302 21.09169 -31.55951 1.925171 5.66881 -15.07711 -7.679336 -16.81629 -20.41798 2.300311 -20.15954 5.458735 -2.391408 -16.60302 -10.15302 -6.031817 -17.31847 -3.67238 3.18608 1.877048 -6.685225 -2.761543 -0.02987465 -0.8126924 -1.298124 -1.22488 3.57462 -2.309282 -12.72324 3.697255 6.946361 8.428227 2.281405 -4.670963 -5.528298 -1.434179 -0.01757717 3.543032 -2.471877 1.448086 -0.4177274 -0.5028539 -0.02594936 
  125.0616 22.33315 -29.40551 4.201356 8.600307 -8.0667 5.874645 -12.47153 -6.509462 5.182767 -5.749424 14.15701 4.85399 -5.571156 -11.5141 1.9011 -12.67785 -1.913839 3.305285 1.877048 -8.376272 -3.63343 -0.007916284 -0.8126924 -1.465215 -2.087619 3.63219 0.8466012 -8.717726 5.497928 8.311639 7.236388 4.607144 -1.274904 -3.279882 -1.434179 1.528517 6.72754 -2.816758 1.763166 -0.5032797 -0.5028539 0.02343404 
  124.6739 22.71514 -34.06431 -1.615561 3.156099 -14.15771 -3.075121 -19.85163 -11.98409 5.637891 -8.379853 5.28477 3.887937 -10.68643 -8.494182 -10.51934 -25.57689 1.561031 5.33177 1.684543 -6.536887 -4.387395 0.7825849 -0.5298214 -1.520912 -1.949046 3.114065 -3.174696 -6.105433 4.6651 7.249756 7.832308 7.038599 -2.355347 -2.221805 -2.058294 0.7779083 6.845485 -2.848111 1.90985 -0.5427654 -0.5097022 -0.06393659 
  125.0616 22.52415 -33.16974 3.821992 6.506382 -17.83531 -1.104204 -29.07439 -12.57594 -5.740223 -11.44869 -0.108161 -6.98016 -13.25886 -5.17651 -3.574364 -25.35742 -1.274369 0.146353 4.235227 -5.943537 -4.73538 0.4751678 -0.4299846 -0.5740652 -1.25618 4.092745 -3.174696 -3.079829 2.392768 7.553152 11.55681 -1.092938 -4.323621 -2.133632 -1.683825 -3.729842 6.609596 -2.346465 2.279718 -0.6151558 -0.5131264 0.006339788 
  124.2088 22.52415 -29.77036 0.02835035 11.95059 -14.73234 -0.2318482 -12.1396 -9.468721 1.996895 -12.10629 12.41736 -0.2177887 -21.49064 -6.503579 -6.672892 -24.26007 0.3243046 1.75562 2.406435 -9.635362 -3.343443 0.2775425 -0.7960529 -1.465215 -1.533326 3.920037 -0.07806706 -8.195267 1.803645 9.070127 10.21599 6.192876 -1.180952 -5.396038 -1.434179 1.792996 4.840425 -3.15233 1.81164 -0.6941272 -0.5131264 -0.03924489 
  124.5189 22.14216 -28.28987 -0.3510137 14.88209 -16.91591 -3.535542 -24.63813 -12.42798 1.238354 -14.29832 13.28718 -6.25562 -13.25886 -9.489483 -4.856513 -15.28112 1.488132 6.750909 2.598939 -9.027138 -3.169451 0.3873343 -0.4299846 -0.5183685 0.058393 4.092745 0.3096972 -4.71221 2.939811 9.828615 13.64252 2.492836 1.355741 -4.866999 -2.183117 -0.5037069 6.255762 -2.785405 2.427665 -0.7665176 -0.5028539 0.07091808 
  124.1312 23.19263 -30.75439 1.925171 13.20695 -12.89354 1.076686 -25.1051 -6.509462 1.238354 -22.09801 12.59132 -1.425355 -18.40373 -1.858839 -7.634504 -22.94325 -9.107872 5.80859 -0.1940327 -9.863445 -1.94792 -0.2803564 -0.7128556 -1.520912 -1.005785 3.948822 -1.748436 -6.105433 7.069746 7.098059 11.10987 0.0005598068 -0.6642182 -5.484211 -3.680993 1.175651 7.671098 -4.423565 4.720849 -0.457213 -0.5028539 -0.001257658 ]